0,053882598876953125 
0,035762786865234375 
0,03695487976074219 
0,03504753112792969 
0,03528594970703125 
0,03647804260253906 
0,03647804260253906 
0,03743171691894531 
0,06914138793945312 
0,03886222839355469 
0,030994415283203125 
0,035762786865234375 
0,04601478576660156 
0,0438690185546875 
0,03600120544433594 
0,03981590270996094 
0,04291534423828125 
0,0514984130859375 
0,04458427429199219 
0,03695487976074219 
0,030517578125 
0,03719329833984375 
0,03528594970703125 
0,03647804260253906 
0,0457763671875 
0,03504753112792969 
0,03552436828613281 
0,03600120544433594 
0,038623809814453125 
0,036716461181640625 
0,03147125244140625 
0,03838539123535156 
0,03719329833984375 
0,04363059997558594 
0,03814697265625 
0,03814697265625 
0,044345855712890625 
0,040531158447265625 
0,0743865966796875 
0,08368492126464844 
0,060558319091796875 
0,11467933654785156 
0,10633468627929688 
0,11205673217773438 
0,0591278076171875 
0,04744529724121094 
0,0476837158203125 
0,05507469177246094 
0,04267692565917969 
0,04172325134277344 
0,03647804260253906 
0,048160552978515625 
0,04839897155761719 
0,047206878662109375 
0,05698204040527344 
0,04839897155761719 
0,03886222839355469 
0,03838539123535156 
0,03695487976074219 
0,03790855407714844 
0,04553794860839844 
0,04553794860839844 
0,043392181396484375 
0,03886222839355469 
0,12946128845214844 
0,043392181396484375 
0,04553794860839844 
0,05125999450683594 
0,04267692565917969 
0,0476837158203125 
0,03886222839355469 
0,04887580871582031 
0,03814697265625 
0,05125999450683594 
0,05125999450683594 
0,08058547973632812 
0,03600120544433594 
0,037670135498046875 
0,05364418029785156 
0,03719329833984375 
0,051975250244140625 
0,050067901611328125 
0,037670135498046875 
0,03743171691894531 
0,03838539123535156 
0,049591064453125 
0,038623809814453125 
0,04363059997558594 
0,05602836608886719 
0,03838539123535156 
0,03695487976074219 
0,041961669921875 
0,041484832763671875 
0,03695487976074219 
0,037670135498046875 
0,03695487976074219 
0,041961669921875 
0,036716461181640625 
0,037670135498046875 
0,03790855407714844 
0,03814697265625 
0,037670135498046875 
0,03981590270996094 
0,04291534423828125 
0,04458427429199219 
0,048160552978515625 
0,0438690185546875 
0,04553794860839844 
0,04315376281738281 
0,03743171691894531 
0,03814697265625 
0,038623809814453125 
0,037670135498046875 
0,03814697265625 
0,03814697265625 
0,03910064697265625 
0,04744529724121094 
0,038623809814453125 
0,039577484130859375 
0,03886222839355469 
0,03838539123535156 
0,039577484130859375 
0,03981590270996094 
0,0400543212890625 
0,041484832763671875 
0,04172325134277344 
0,04315376281738281 
0,07081031799316406 
0,03910064697265625 
0,03838539123535156 
0,03910064697265625 
0,038623809814453125 
0,038623809814453125 
0,045299530029296875 
0,03838539123535156 
0,03910064697265625 
0,04458427429199219 
0,04982948303222656 
0,048160552978515625 
0,0476837158203125 
0,03719329833984375 
0,03838539123535156 
0,03886222839355469 
0,04363059997558594 
0,0400543212890625 
0,04482269287109375 
0,03838539123535156 
0,03886222839355469 
0,04863739013671875 
0,04267692565917969 
0,036716461181640625 
0,03695487976074219 
0,03886222839355469 
0,04029273986816406 
0,03814697265625 
0,03838539123535156 
0,03838539123535156 
0,05173683166503906 
0,03838539123535156 
0,037670135498046875 
0,038623809814453125 
0,03933906555175781 
0,03814697265625 
0,03790855407714844 
0,037670135498046875 
0,04100799560546875 
0,038623809814453125 
0,04029273986816406 
0,05698204040527344 
0,0553131103515625 
0,03600120544433594 
0,057697296142578125 
0,04410743713378906 
0,04649162292480469 
0,05054473876953125 
0,04982948303222656 
0,04792213439941406 
0,04220008850097656 
0,048160552978515625 
0,09608268737792969 
0,11467933654785156 
0,10085105895996094 
0,07295608520507812 
0,09489059448242188 
0,11777877807617188 
0,04267692565917969 
0,05245208740234375 
0,04029273986816406 
0,0934600830078125 
0,04076957702636719 
0,04172325134277344 
0,03790855407714844 
0,04839897155761719 
0,03886222839355469 
0,041484832763671875 
0,12183189392089844 
0,04220008850097656 
0,0972747802734375 
0,0934600830078125 
0,13017654418945312 
0,1201629638671875 
0,08058547973632812 
0,11014938354492188 
0,03981590270996094 
0,04696846008300781 
0,04100799560546875 
0,04839897155761719 
0,04100799560546875 
0,04076957702636719 
0,04744529724121094 
0,06365776062011719 
0,04982948303222656 
0,05173683166503906 
0,04744529724121094 
0,04363059997558594 
0,04863739013671875 
0,04458427429199219 
0,0438690185546875 
0,048160552978515625 
0,043392181396484375 
0,04315376281738281 
0,03886222839355469 
0,053882598876953125 
0,06818771362304688 
0,06103515625 
0,07534027099609375 
0,07081031799316406 
0,04363059997558594 
0,05125999450683594 
0,04076957702636719 
0,04363059997558594 
0,03814697265625 
0,03886222839355469 
0,037670135498046875 
0,03790855407714844 
0,03743171691894531 
0,042438507080078125 
0,03814697265625 
0,03814697265625 
0,03838539123535156 
0,03719329833984375 
0,03743171691894531 
0,057697296142578125 
0,047206878662109375 
0,04124641418457031 
0,0400543212890625 
0,04291534423828125 
0,04363059997558594 
0,04410743713378906 
0,04124641418457031 
0,04863739013671875 
0,05745887756347656 
0,06437301635742188 
0,042438507080078125 
0,04267692565917969 
0,05340576171875 
0,12445449829101562 
0,04291534423828125 
0,039577484130859375 
0,03910064697265625 
0,037670135498046875 
0,037670135498046875 
0,03910064697265625 
0,04291534423828125 
0,04029273986816406 
0,04363059997558594 
0,03981590270996094 
0,042438507080078125 
0,042438507080078125 
0,04506111145019531 
0,04220008850097656 
0,03933906555175781 
0,04863739013671875 
0,03838539123535156 
0,03695487976074219 
0,039577484130859375 
0,04363059997558594 
0,03886222839355469 
0,03719329833984375 
0,03814697265625 
0,03743171691894531 
0,03790855407714844 
0,037670135498046875 
0,039577484130859375 
0,03838539123535156 
0,039577484130859375 
0,038623809814453125 
0,036716461181640625 
0,03743171691894531 
0,04220008850097656 
0,0362396240234375 
0,035762786865234375 
0,0362396240234375 
0,05602836608886719 
0,047206878662109375 
0,041484832763671875 
0,05340576171875 
0,04673004150390625 
0,06699562072753906 
0,036716461181640625 
0,03743171691894531 
0,03600120544433594 
0,03886222839355469 
0,03743171691894531 
0,03647804260253906 
0,07128715515136719 
0,04673004150390625 
0,04673004150390625 
0,04172325134277344 
0,09489059448242188 
0,08893013000488281 
0,10848045349121094 
0,04553794860839844 
0,04267692565917969 
0,04220008850097656 
0,03695487976074219 
0,03743171691894531 
0,050067901611328125 
0,03600120544433594 
0,03552436828613281 
0,0362396240234375 
0,03647804260253906 
0,03695487976074219 
0,03647804260253906 
0,03695487976074219 
0,03647804260253906 
0,03695487976074219 
0,03552436828613281 
0,03910064697265625 
0,03647804260253906 
0,03528594970703125 
0,03719329833984375 
0,036716461181640625 
0,03790855407714844 
0,04482269287109375 
0,03814697265625 
0,041961669921875 
0,0457763671875 
0,047206878662109375 
0,03814697265625 
0,03600120544433594 
0,03552436828613281 
0,03528594970703125 
0,035762786865234375 
0,03504753112792969 
0,04649162292480469 
0,03528594970703125 
0,034332275390625 
0,03552436828613281 
0,035762786865234375 
0,0438690185546875 
0,04506111145019531 
0,04601478576660156 
0,04363059997558594 
0,044345855712890625 
0,051021575927734375 
0,04410743713378906 
0,049591064453125 
0,05078315734863281 
0,08463859558105469 
0,09131431579589844 
0,03552436828613281 
0,11801719665527344 
0,10824203491210938 
0,05030632019042969 
0,04744529724121094 
0,05030632019042969 
0,04100799560546875 
0,04553794860839844 
0,04172325134277344 
0,03695487976074219 
0,03814697265625 
0,03933906555175781 
0,061511993408203125 
0,04863739013671875 
0,048160552978515625 
0,0591278076171875 
0,06079673767089844 
0,04792213439941406 
0,06461143493652344 
0,044345855712890625 
0,05626678466796875 
0,05054473876953125 
0,03695487976074219 
0,03695487976074219 
0,0400543212890625 
0,05173683166503906 
0,04744529724121094 
0,037670135498046875 
0,036716461181640625 
0,04363059997558594 
0,03814697265625 
0,05626678466796875 
0,0514984130859375 
0,03838539123535156 
0,046253204345703125 
0,03695487976074219 
0,03600120544433594 
0,0362396240234375 
0,03600120544433594 
0,03600120544433594 
0,03933906555175781 
0,034332275390625 
0,03743171691894531 
0,039577484130859375 
0,03743171691894531 
0,0362396240234375 
0,03647804260253906 
0,0362396240234375 
0,045299530029296875 
0,0438690185546875 
0,04220008850097656 
0,0362396240234375 
0,03910064697265625 
0,03743171691894531 
0,03647804260253906 
0,03647804260253906 
0,03552436828613281 
0,03719329833984375 
0,034809112548828125 
0,05173683166503906 
0,04601478576660156 
0,0457763671875 
0,043392181396484375 
0,03719329833984375 
0,034809112548828125 
0,03528594970703125 
0,0362396240234375 
0,04673004150390625 
0,03337860107421875 
0,03504753112792969 
0,03600120544433594 
0,039577484130859375 
0,05030632019042969 
0,037670135498046875 
0,03790855407714844 
0,03552436828613281 
0,034332275390625 
0,03552436828613281 
0,034809112548828125 
0,03457069396972656 
0,042438507080078125 
0,03504753112792969 
0,034809112548828125 
0,03504753112792969 
0,03600120544433594 
0,03552436828613281 
0,03600120544433594 
0,035762786865234375 
0,03457069396972656 
0,048160552978515625 
0,03528594970703125 
0,03647804260253906 
0,03695487976074219 
0,03552436828613281 
0,03457069396972656 
0,03600120544433594 
0,03600120544433594 
0,03743171691894531 
0,03504753112792969 
0,04363059997558594 
0,04601478576660156 
0,03504753112792969 
0,03600120544433594 
0,03504753112792969 
0,036716461181640625 
0,036716461181640625 
0,03647804260253906 
0,034809112548828125 
0,03528594970703125 
0,034809112548828125 
0,04410743713378906 
0,04744529724121094 
0,03409385681152344 
0,03504753112792969 
0,03552436828613281 
0,049114227294921875 
0,0457763671875 
0,03600120544433594 
0,034332275390625 
0,03504753112792969 
0,03504753112792969 
0,04696846008300781 
0,03981590270996094 
0,03790855407714844 
0,0400543212890625 
0,04076957702636719 
0,04291534423828125 
0,04553794860839844 
0,04601478576660156 
0,04029273986816406 
0,0400543212890625 
0,04100799560546875 
0,04172325134277344 
0,04124641418457031 
0,04458427429199219 
0,038623809814453125 
0,03933906555175781 
0,03719329833984375 
0,0362396240234375 
0,039577484130859375 
0,04029273986816406 
0,03981590270996094 
0,03647804260253906 
0,037670135498046875 
0,035762786865234375 
0,038623809814453125 
0,03790855407714844 
0,03743171691894531 
0,03790855407714844 
0,03814697265625 
0,03719329833984375 
0,036716461181640625 
0,04482269287109375 
0,048160552978515625 
0,04220008850097656 
0,03910064697265625 
0,03719329833984375 
0,03695487976074219 
0,05245208740234375 
0,036716461181640625 
0,04410743713378906 
0,0362396240234375 
0,03790855407714844 
0,038623809814453125 
0,03600120544433594 
0,03719329833984375 
0,05364418029785156 
0,044345855712890625 
0,051021575927734375 
0,0400543212890625 
0,049591064453125 
0,043392181396484375 
0,11038780212402344 
0,043392181396484375 
0,049591064453125 
0,050067901611328125 
0,049591064453125 
0,04172325134277344 
0,040531158447265625 
0,04100799560546875 
0,041484832763671875 
0,05412101745605469 
0,04124641418457031 
0,04100799560546875 
0,05698204040527344 
0,04100799560546875 
0,04315376281738281 
0,041961669921875 
0,04124641418457031 
0,03933906555175781 
0,04506111145019531 
0,07891654968261719 
0,04291534423828125 
0,056743621826171875 
0,045299530029296875 
0,03886222839355469 
0,04839897155761719 
0,04696846008300781 
0,03886222839355469 
0,04744529724121094 
0,04029273986816406 
0,03719329833984375 
0,046253204345703125 
0,04506111145019531 
0,0457763671875 
0,042438507080078125 
0,03838539123535156 
0,049114227294921875 
0,03910064697265625 
0,047206878662109375 
0,05078315734863281 
0,0476837158203125 
0,04506111145019531 
0,04029273986816406 
0,03886222839355469 
0,03886222839355469 
0,039577484130859375 
0,0591278076171875 
0,03933906555175781 
0,03838539123535156 
0,03886222839355469 
0,04506111145019531 
0,03933906555175781 
0,04482269287109375 
0,04172325134277344 
0,03719329833984375 
0,04506111145019531 
0,05459785461425781 
0,043392181396484375 
0,03933906555175781 
0,03743171691894531 
0,04458427429199219 
0,04124641418457031 
0,04220008850097656 
0,04696846008300781 
0,03910064697265625 
0,05173683166503906 
0,03933906555175781 
0,03814697265625 
0,047206878662109375 
0,03600120544433594 
0,03647804260253906 
0,03719329833984375 
0,04363059997558594 
0,0476837158203125 
0,0438690185546875 
0,06532669067382812 
0,03552436828613281 
0,032901763916015625 
0,03361701965332031 
0,03504753112792969 
0,034809112548828125 
0,0362396240234375 
0,034809112548828125 
0,035762786865234375 
0,03600120544433594 
0,03361701965332031 
0,03647804260253906 
0,034332275390625 
0,03600120544433594 
0,034332275390625 
0,035762786865234375 
0,03409385681152344 
0,03528594970703125 
0,03600120544433594 
0,03695487976074219 
0,03457069396972656 
0,03504753112792969 
0,03457069396972656 
0,04649162292480469 
0,0400543212890625 
0,04482269287109375 
0,04673004150390625 
0,03600120544433594 
0,034809112548828125 
0,03552436828613281 
0,03528594970703125 
0,03838539123535156 
0,03790855407714844 
0,03552436828613281 
0,03552436828613281 
0,03910064697265625 
0,038623809814453125 
0,03600120544433594 
0,03719329833984375 
0,05030632019042969 
0,03719329833984375 
0,04458427429199219 
0,04506111145019531 
0,035762786865234375 
0,049114227294921875 
0,03552436828613281 
0,03457069396972656 
0,03504753112792969 
0,03600120544433594 
0,03647804260253906 
0,03647804260253906 
0,03647804260253906 
0,03600120544433594 
0,034809112548828125 
0,03600120544433594 
0,047206878662109375 
0,03552436828613281 
0,04506111145019531 
0,035762786865234375 
0,05245208740234375 
0,0362396240234375 
0,03647804260253906 
0,03814697265625 
0,03504753112792969 
0,051975250244140625 
0,04649162292480469 
0,03552436828613281 
0,05555152893066406 
0,03504753112792969 
0,03552436828613281 
0,03647804260253906 
0,035762786865234375 
0,047206878662109375 
0,057697296142578125 
0,05245208740234375 
0,03552436828613281 
0,03361701965332031 
0,03337860107421875 
0,034332275390625 
0,03361701965332031 
0,0324249267578125 
0,032901763916015625 
0,03409385681152344 
0,03552436828613281 
0,03552436828613281 
0,033855438232421875 
0,03361701965332031 
0,0324249267578125 
0,03337860107421875 
0,03528594970703125 
0,03695487976074219 
0,034809112548828125 
0,034332275390625 
0,034332275390625 
0,036716461181640625 
0,038623809814453125 
0,03504753112792969 
0,03838539123535156 
0,0457763671875 
0,034809112548828125 
0,0362396240234375 
0,033855438232421875 
0,034809112548828125 
0,03337860107421875 
0,03409385681152344 
0,03361701965332031 
0,03504753112792969 
0,035762786865234375 
0,034809112548828125 
0,04696846008300781 
0,032901763916015625 
0,043392181396484375 
0,03409385681152344 
0,03457069396972656 
0,032901763916015625 
0,03504753112792969 
0,043392181396484375 
0,0362396240234375 
0,03409385681152344 
0,03719329833984375 
0,03910064697265625 
0,05173683166503906 
0,041961669921875 
0,049591064453125 
0,08296966552734375 
0,05412101745605469 
0,047206878662109375 
0,05054473876953125 
0,07033348083496094 
0,05125999450683594 
0,05030632019042969 
0,05245208740234375 
0,04792213439941406 
0,04315376281738281 
0,04696846008300781 
0,05459785461425781 
0,03719329833984375 
0,03743171691894531 
0,049591064453125 
0,036716461181640625 
0,03600120544433594 
0,04124641418457031 
0,03743171691894531 
0,03695487976074219 
0,0362396240234375 
0,035762786865234375 
0,035762786865234375 
0,03647804260253906 
0,04482269287109375 
0,03647804260253906 
0,03695487976074219 
0,034809112548828125 
0,03600120544433594 
0,03719329833984375 
0,0362396240234375 
0,0362396240234375 
0,037670135498046875 
0,03528594970703125 
0,03552436828613281 
0,03528594970703125 
0,03504753112792969 
0,034809112548828125 
0,034332275390625 
0,03552436828613281 
0,03504753112792969 
0,034809112548828125 
0,035762786865234375 
0,03528594970703125 
0,03504753112792969 
0,0362396240234375 
