0,11801719665527344 
0,04124641418457031 
0,045299530029296875 
0,05173683166503906 
0,04267692565917969 
0,05435943603515625 
0,04291534423828125 
0,04315376281738281 
0,044345855712890625 
0,058650970458984375 
0,04267692565917969 
0,039577484130859375 
0,04506111145019531 
0,05245208740234375 
0,04029273986816406 
0,051975250244140625 
0,040531158447265625 
0,06079673767089844 
0,05364418029785156 
0,04124641418457031 
0,035762786865234375 
0,04601478576660156 
0,0400543212890625 
0,04029273986816406 
0,042438507080078125 
0,04100799560546875 
0,040531158447265625 
0,04220008850097656 
0,0438690185546875 
0,04363059997558594 
0,04267692565917969 
0,044345855712890625 
0,04172325134277344 
0,046253204345703125 
0,04315376281738281 
0,1308917999267578 
0,10085105895996094 
0,08535385131835938 
0,09179115295410156 
0,12230873107910156 
0,1125335693359375 
0,09560585021972656 
0,1125335693359375 
0,051975250244140625 
0,05745887756347656 
0,05435943603515625 
0,060558319091796875 
0,052928924560546875 
0,05245208740234375 
0,05507469177246094 
0,06437301635742188 
0,06008148193359375 
0,055789947509765625 
0,05817413330078125 
0,05936622619628906 
0,050067901611328125 
0,0476837158203125 
0,04982948303222656 
0,05030632019042969 
0,047206878662109375 
0,072479248046875 
0,05793571472167969 
0,04291534423828125 
0,04506111145019531 
0,06365776062011719 
0,0438690185546875 
0,05364418029785156 
0,042438507080078125 
0,05316734313964844 
0,06031990051269531 
0,05030632019042969 
0,052928924560546875 
0,04220008850097656 
0,06771087646484375 
0,05364418029785156 
0,05841255187988281 
0,042438507080078125 
0,043392181396484375 
0,05745887756347656 
0,04291534423828125 
0,05507469177246094 
0,05698204040527344 
0,06079673767089844 
0,04601478576660156 
0,041961669921875 
0,041961669921875 
0,04124641418457031 
0,06318092346191406 
0,05459785461425781 
0,04220008850097656 
0,04076957702636719 
0,045299530029296875 
0,030994415283203125 
0,04172325134277344 
0,041961669921875 
0,040531158447265625 
0,05030632019042969 
0,040531158447265625 
0,04172325134277344 
0,04172325134277344 
0,03933906555175781 
0,046253204345703125 
0,05817413330078125 
0,046253204345703125 
0,040531158447265625 
0,060558319091796875 
0,03170967102050781 
0,041484832763671875 
0,04363059997558594 
0,029802322387695312 
0,03218650817871094 
0,04124641418457031 
0,053882598876953125 
0,0438690185546875 
0,029802322387695312 
0,04744529724121094 
0,03409385681152344 
0,049114227294921875 
0,032901763916015625 
0,04863739013671875 
0,03409385681152344 
0,030517578125 
0,04458427429199219 
0,04863739013671875 
0,05364418029785156 
0,031232833862304688 
0,03147125244140625 
0,030517578125 
0,03337860107421875 
0,03266334533691406 
0,03743171691894531 
0,03147125244140625 
0,030040740966796875 
0,043392181396484375 
0,030040740966796875 
0,0591278076171875 
0,04696846008300781 
0,030994415283203125 
0,048160552978515625 
0,030040740966796875 
0,030279159545898438 
0,030755996704101562 
0,04220008850097656 
0,041961669921875 
0,030755996704101562 
0,05078315734863281 
0,030755996704101562 
0,04267692565917969 
0,05507469177246094 
0,04839897155761719 
0,03647804260253906 
0,047206878662109375 
0,047206878662109375 
0,030040740966796875 
0,0476837158203125 
0,0591278076171875 
0,046253204345703125 
0,05650520324707031 
0,030517578125 
0,03337860107421875 
0,04172325134277344 
0,030279159545898438 
0,030040740966796875 
0,030040740966796875 
0,04649162292480469 
0,03647804260253906 
0,03814697265625 
0,0476837158203125 
0,04172325134277344 
0,05269050598144531 
0,07867813110351562 
0,047206878662109375 
0,053882598876953125 
0,0476837158203125 
0,04887580871582031 
0,04863739013671875 
0,051021575927734375 
0,04673004150390625 
0,05030632019042969 
0,08893013000488281 
0,04410743713378906 
0,05459785461425781 
0,08058547973632812 
0,08296966552734375 
0,08416175842285156 
0,0762939453125 
0,08821487426757812 
0,030040740966796875 
0,04649162292480469 
0,05650520324707031 
0,0553131103515625 
0,032901763916015625 
0,044345855712890625 
0,05078315734863281 
0,06723403930664062 
0,07963180541992188 
0,07843971252441406 
0,06175041198730469 
0,08082389831542969 
0,07653236389160156 
0,05054473876953125 
0,09655952453613281 
0,05078315734863281 
0,0438690185546875 
0,04482269287109375 
0,04410743713378906 
0,04982948303222656 
0,058650970458984375 
0,061511993408203125 
0,05316734313964844 
0,03886222839355469 
0,04887580871582031 
0,0476837158203125 
0,03218650817871094 
0,041961669921875 
0,048160552978515625 
0,033855438232421875 
0,0476837158203125 
0,04363059997558594 
0,03147125244140625 
0,038623809814453125 
0,03337860107421875 
0,03814697265625 
0,05626678466796875 
0,07224082946777344 
0,07390975952148438 
0,05841255187988281 
0,057697296142578125 
0,058650970458984375 
0,057697296142578125 
0,055789947509765625 
0,043392181396484375 
0,051975250244140625 
0,04172325134277344 
0,03981590270996094 
0,04220008850097656 
0,0438690185546875 
0,04172325134277344 
0,041484832763671875 
0,041484832763671875 
0,03981590270996094 
0,11920928955078125 
0,03719329833984375 
0,043392181396484375 
0,027894973754882812 
0,03838539123535156 
0,027179718017578125 
0,03981590270996094 
0,039577484130859375 
0,04315376281738281 
0,03528594970703125 
0,03457069396972656 
0,04267692565917969 
0,04100799560546875 
0,028371810913085938 
0,0400543212890625 
0,030994415283203125 
0,031948089599609375 
0,0324249267578125 
0,02956390380859375 
0,03600120544433594 
0,03314018249511719 
0,03314018249511719 
0,032901763916015625 
0,05054473876953125 
0,0476837158203125 
0,047206878662109375 
0,05125999450683594 
0,035762786865234375 
0,05221366882324219 
0,05555152893066406 
0,04553794860839844 
0,049591064453125 
0,030517578125 
0,030517578125 
0,032901763916015625 
0,05173683166503906 
0,031948089599609375 
0,042438507080078125 
0,03147125244140625 
0,0438690185546875 
0,04506111145019531 
0,029087066650390625 
0,0286102294921875 
0,04076957702636719 
0,0476837158203125 
0,041484832763671875 
0,051021575927734375 
0,04029273986816406 
0,05316734313964844 
0,03981590270996094 
0,04100799560546875 
0,0400543212890625 
0,05555152893066406 
0,06651878356933594 
0,06341934204101562 
0,05698204040527344 
0,057220458984375 
0,05340576171875 
0,041484832763671875 
0,04029273986816406 
0,04267692565917969 
0,040531158447265625 
0,04124641418457031 
0,04267692565917969 
0,06985664367675781 
0,057697296142578125 
0,057220458984375 
0,1049041748046875 
0,07081031799316406 
0,09942054748535156 
0,057697296142578125 
0,05793571472167969 
0,05602836608886719 
0,04291534423828125 
0,04172325134277344 
0,051975250244140625 
0,05269050598144531 
0,04220008850097656 
0,0400543212890625 
0,03933906555175781 
0,0400543212890625 
0,05936622619628906 
0,041484832763671875 
0,04172325134277344 
0,04124641418457031 
0,040531158447265625 
0,03886222839355469 
0,05221366882324219 
0,04029273986816406 
0,03910064697265625 
0,03981590270996094 
0,041961669921875 
0,04363059997558594 
0,05340576171875 
0,04220008850097656 
0,04315376281738281 
0,06389617919921875 
0,04100799560546875 
0,05245208740234375 
0,03933906555175781 
0,0400543212890625 
0,039577484130859375 
0,04076957702636719 
0,043392181396484375 
0,051975250244140625 
0,04076957702636719 
0,04029273986816406 
0,04172325134277344 
0,05340576171875 
0,05221366882324219 
0,05221366882324219 
0,06031990051269531 
0,05269050598144531 
0,056743621826171875 
0,06437301635742188 
0,07510185241699219 
0,09512901306152344 
0,08916854858398438 
0,08249282836914062 
0,10156631469726562 
0,04482269287109375 
0,12540817260742188 
0,06175041198730469 
0,04458427429199219 
0,06437301635742188 
0,05817413330078125 
0,057697296142578125 
0,05841255187988281 
0,046253204345703125 
0,04172325134277344 
0,041484832763671875 
0,06651878356933594 
0,05793571472167969 
0,05745887756347656 
0,04363059997558594 
0,0514984130859375 
0,04410743713378906 
0,05626678466796875 
0,06580352783203125 
0,05555152893066406 
0,04887580871582031 
0,04458427429199219 
0,08606910705566406 
0,044345855712890625 
0,04410743713378906 
0,04649162292480469 
0,04863739013671875 
0,04172325134277344 
0,041484832763671875 
0,04935264587402344 
0,04553794860839844 
0,0514984130859375 
0,060558319091796875 
0,04601478576660156 
0,05221366882324219 
0,05340576171875 
0,040531158447265625 
0,03933906555175781 
0,041484832763671875 
0,04076957702636719 
0,043392181396484375 
0,03910064697265625 
0,03981590270996094 
0,04029273986816406 
0,04172325134277344 
0,03981590270996094 
0,050067901611328125 
0,04220008850097656 
0,04029273986816406 
0,053882598876953125 
0,06461143493652344 
0,041961669921875 
0,04267692565917969 
0,04172325134277344 
0,04220008850097656 
0,0514984130859375 
0,05125999450683594 
0,040531158447265625 
0,05745887756347656 
0,05626678466796875 
0,06127357482910156 
0,04124641418457031 
0,05316734313964844 
0,044345855712890625 
0,04029273986816406 
0,04029273986816406 
0,049591064453125 
0,039577484130859375 
0,04029273986816406 
0,039577484130859375 
0,04029273986816406 
0,04029273986816406 
0,03981590270996094 
0,03933906555175781 
0,041961669921875 
0,040531158447265625 
0,03933906555175781 
0,0400543212890625 
0,03910064697265625 
0,03886222839355469 
0,04172325134277344 
0,039577484130859375 
0,041484832763671875 
0,03933906555175781 
0,0705718994140625 
0,040531158447265625 
0,04100799560546875 
0,04029273986816406 
0,050067901611328125 
0,04482269287109375 
0,04029273986816406 
0,04100799560546875 
0,039577484130859375 
0,039577484130859375 
0,03838539123535156 
0,0400543212890625 
0,040531158447265625 
0,03910064697265625 
0,04363059997558594 
0,04601478576660156 
0,038623809814453125 
0,03838539123535156 
0,03981590270996094 
0,039577484130859375 
0,03886222839355469 
0,040531158447265625 
0,03886222839355469 
0,03910064697265625 
0,04887580871582031 
0,03910064697265625 
0,07677078247070312 
0,03981590270996094 
0,03910064697265625 
0,039577484130859375 
0,040531158447265625 
0,0400543212890625 
0,05221366882324219 
0,05316734313964844 
0,03981590270996094 
0,03933906555175781 
0,04839897155761719 
0,03933906555175781 
0,05054473876953125 
0,04744529724121094 
0,04172325134277344 
0,04100799560546875 
0,03981590270996094 
0,0286102294921875 
0,027418136596679688 
0,02574920654296875 
0,04482269287109375 
0,026464462280273438 
0,025987625122070312 
0,026226043701171875 
0,04315376281738281 
0,028133392333984375 
0,028848648071289062 
0,030517578125 
0,03170967102050781 
0,029325485229492188 
0,06031990051269531 
0,05364418029785156 
0,03170967102050781 
0,04649162292480469 
0,04744529724121094 
0,04220008850097656 
0,04649162292480469 
0,04744529724121094 
0,04291534423828125 
0,04267692565917969 
0,032901763916015625 
0,051975250244140625 
0,03981590270996094 
0,04744529724121094 
0,05030632019042969 
0,0457763671875 
0,049591064453125 
0,03647804260253906 
0,03170967102050781 
0,029087066650390625 
0,04029273986816406 
0,04673004150390625 
0,050067901611328125 
0,04458427429199219 
0,04220008850097656 
0,05745887756347656 
0,04363059997558594 
0,05316734313964844 
0,041961669921875 
0,030040740966796875 
0,0476837158203125 
0,04673004150390625 
0,04696846008300781 
0,029802322387695312 
0,0457763671875 
0,0400543212890625 
0,04220008850097656 
0,042438507080078125 
0,038623809814453125 
0,04100799560546875 
0,029325485229492188 
0,037670135498046875 
0,028133392333984375 
0,029325485229492188 
0,04267692565917969 
0,0362396240234375 
0,04363059997558594 
0,04029273986816406 
0,030040740966796875 
0,04839897155761719 
0,048160552978515625 
0,043392181396484375 
0,051021575927734375 
0,041961669921875 
0,049591064453125 
0,029325485229492188 
0,04100799560546875 
0,04315376281738281 
0,046253204345703125 
0,046253204345703125 
0,05125999450683594 
0,03218650817871094 
0,041961669921875 
0,046253204345703125 
0,04410743713378906 
0,051021575927734375 
0,048160552978515625 
0,04506111145019531 
0,04696846008300781 
0,04410743713378906 
0,046253204345703125 
0,045299530029296875 
0,04315376281738281 
0,04649162292480469 
0,04100799560546875 
0,04172325134277344 
0,031948089599609375 
0,04172325134277344 
0,042438507080078125 
0,041961669921875 
0,03266334533691406 
0,044345855712890625 
0,04673004150390625 
0,04220008850097656 
0,044345855712890625 
0,041484832763671875 
0,06341934204101562 
0,052928924560546875 
0,05555152893066406 
0,04267692565917969 
0,0438690185546875 
0,05435943603515625 
0,05173683166503906 
0,05364418029785156 
0,0553131103515625 
0,05078315734863281 
0,041961669921875 
0,07009506225585938 
0,04315376281738281 
0,05626678466796875 
0,04100799560546875 
0,04458427429199219 
0,04315376281738281 
0,0591278076171875 
0,07343292236328125 
0,05745887756347656 
0,03218650817871094 
0,031232833862304688 
0,02956390380859375 
0,0286102294921875 
0,030279159545898438 
0,030994415283203125 
0,030755996704101562 
0,028848648071289062 
0,038623809814453125 
0,031232833862304688 
0,03504753112792969 
0,031232833862304688 
0,02956390380859375 
0,029802322387695312 
0,029802322387695312 
0,027894973754882812 
0,02956390380859375 
0,030994415283203125 
0,030279159545898438 
0,030994415283203125 
0,029802322387695312 
0,030755996704101562 
0,03981590270996094 
0,03147125244140625 
0,031232833862304688 
0,030755996704101562 
0,03838539123535156 
0,031232833862304688 
0,030279159545898438 
0,030755996704101562 
0,03147125244140625 
0,03266334533691406 
0,03457069396972656 
0,03147125244140625 
0,031232833862304688 
0,04839897155761719 
0,03218650817871094 
0,030279159545898438 
0,03266334533691406 
0,053882598876953125 
0,054836273193359375 
0,043392181396484375 
0,04172325134277344 
0,031232833862304688 
0,04553794860839844 
0,03147125244140625 
0,0629425048828125 
0,03218650817871094 
0,02956390380859375 
0,03314018249511719 
0,030279159545898438 
0,04267692565917969 
0,031232833862304688 
0,030517578125 
0,0324249267578125 
0,031232833862304688 
0,03218650817871094 
0,03361701965332031 
0,03337860107421875 
0,04291534423828125 
0,030755996704101562 
0,030755996704101562 
0,030279159545898438 
0,029325485229492188 
0,05435943603515625 
0,03218650817871094 
0,02956390380859375 
0,04839897155761719 
0,030279159545898438 
0,031948089599609375 
0,030994415283203125 
0,03170967102050781 
0,0438690185546875 
0,04792213439941406 
0,03147125244140625 
0,040531158447265625 
0,0286102294921875 
0,028848648071289062 
0,028848648071289062 
0,027179718017578125 
0,0286102294921875 
0,0286102294921875 
0,028848648071289062 
0,03170967102050781 
0,03147125244140625 
0,030279159545898438 
0,02956390380859375 
0,027179718017578125 
0,0286102294921875 
0,02956390380859375 
0,03314018249511719 
0,030279159545898438 
0,029087066650390625 
0,029802322387695312 
0,0324249267578125 
0,041961669921875 
0,030040740966796875 
0,03981590270996094 
0,04363059997558594 
0,03147125244140625 
0,03218650817871094 
0,030279159545898438 
0,02956390380859375 
0,029087066650390625 
0,030994415283203125 
0,028848648071289062 
0,028848648071289062 
0,030040740966796875 
0,045299530029296875 
0,030755996704101562 
0,027179718017578125 
0,04172325134277344 
0,029802322387695312 
0,030040740966796875 
0,02765655517578125 
0,0286102294921875 
0,0400543212890625 
0,029802322387695312 
0,02956390380859375 
0,04029273986816406 
0,031232833862304688 
0,0476837158203125 
0,043392181396484375 
0,045299530029296875 
0,06389617919921875 
0,0553131103515625 
0,04792213439941406 
0,072479248046875 
0,05459785461425781 
0,18453598022460938 
0,19025802612304688 
0,05888938903808594 
0,050067901611328125 
0,14901161193847656 
0,05745887756347656 
0,061511993408203125 
0,1888275146484375 
0,06794929504394531 
0,15473365783691406 
0,040531158447265625 
0,03695487976074219 
0,03266334533691406 
0,03337860107421875 
0,04100799560546875 
0,04172325134277344 
0,04100799560546875 
0,030517578125 
0,030755996704101562 
0,04696846008300781 
0,03170967102050781 
0,04100799560546875 
0,030994415283203125 
0,030517578125 
0,0324249267578125 
0,032901763916015625 
0,03147125244140625 
0,042438507080078125 
0,030040740966796875 
0,030994415283203125 
0,04100799560546875 
0,030279159545898438 
0,03218650817871094 
0,03170967102050781 
0,031232833862304688 
0,031232833862304688 
0,03147125244140625 
0,038623809814453125 
0,05221366882324219 
0,030040740966796875 
0,03266334533691406 
