0,003337860107421875 
0,03147125244140625 
0,04100799560546875 
0,030994415283203125 
0,031232833862304688 
0,03170967102050781 
0,03790855407714844 
0,03647804260253906 
0,05030632019042969 
0,04076957702636719 
0,03695487976074219 
0,0007152557373046875 
0,049591064453125 
0,03504753112792969 
0,03314018249511719 
0,03743171691894531 
0,03218650817871094 
0,031232833862304688 
0,032901763916015625 
0,04076957702636719 
0,04267692565917969 
0,04458427429199219 
0,0011920928955078125 
0,043392181396484375 
0,06842613220214844 
0,05173683166503906 
0,030994415283203125 
0,03147125244140625 
0,04172325134277344 
0,0362396240234375 
0,035762786865234375 
0,030279159545898438 
0,03314018249511719 
0,0007152557373046875 
0,031948089599609375 
0,030994415283203125 
0,030279159545898438 
0,030279159545898438 
0,045299530029296875 
0,03147125244140625 
0,046253204345703125 
0,03457069396972656 
0,0324249267578125 
0,0324249267578125 
0,000476837158203125 
0,03170967102050781 
0,032901763916015625 
0,03147125244140625 
0,031948089599609375 
0,03814697265625 
0,03266334533691406 
0,04315376281738281 
0,03981590270996094 
0,040531158447265625 
0,055789947509765625 
0,00095367431640625 
0,07843971252441406 
0,040531158447265625 
0,040531158447265625 
0,042438507080078125 
0,04291534423828125 
0,03981590270996094 
0,041961669921875 
0,041484832763671875 
0,05221366882324219 
0,04982948303222656 
0,00095367431640625 
0,041484832763671875 
0,04172325134277344 
0,047206878662109375 
0,05054473876953125 
0,0438690185546875 
0,04291534423828125 
0,03838539123535156 
