0,08034706115722656 
0,06008148193359375 
0,057220458984375 
0,05078315734863281 
0,04315376281738281 
0,048160552978515625 
0,05078315734863281 
0,05793571472167969 
0,044345855712890625 
0,04792213439941406 
0,04172325134277344 
0,04744529724121094 
0,04267692565917969 
0,054836273193359375 
0,04506111145019531 
0,04982948303222656 
0,0553131103515625 
0,051021575927734375 
0,06341934204101562 
0,12564659118652344 
0,09918212890625 
0,11897087097167969 
0,1437664031982422 
0,062465667724609375 
0,045299530029296875 
0,05221366882324219 
0,05459785461425781 
0,14090538024902344 
0,061511993408203125 
0,07128715515136719 
0,06341934204101562 
0,05817413330078125 
0,05054473876953125 
0,07748603820800781 
0,08153915405273438 
0,07390975952148438 
0,05555152893066406 
0,04792213439941406 
0,0514984130859375 
0,056743621826171875 
0,05125999450683594 
0,062465667724609375 
0,05316734313964844 
0,05650520324707031 
0,0438690185546875 
0,06103515625 
0,04744529724121094 
0,056743621826171875 
0,04553794860839844 
0,057697296142578125 
0,054836273193359375 
0,059604644775390625 
0,05221366882324219 
0,059604644775390625 
0,04220008850097656 
0,05555152893066406 
0,05125999450683594 
0,05626678466796875 
0,041484832763671875 
0,055789947509765625 
0,04649162292480469 
0,04363059997558594 
0,04100799560546875 
0,04982948303222656 
0,04363059997558594 
0,05245208740234375 
0,04172325134277344 
0,04744529724121094 
0,05745887756347656 
0,051975250244140625 
0,05054473876953125 
0,04506111145019531 
0,055789947509765625 
0,04673004150390625 
0,17309188842773438 
0,050067901611328125 
0,04315376281738281 
0,04982948303222656 
