0,001430511474609375 
0,04482269287109375 
0,0362396240234375 
0,023126602172851562 
0,032901763916015625 
0,0286102294921875 
0,02193450927734375 
0,030755996704101562 
0,032901763916015625 
0,034332275390625 
0,06318092346191406 
0,06699562072753906 
0,03695487976074219 
0,04076957702636719 
0,04172325134277344 
0,04601478576660156 
0,029802322387695312 
0,05650520324707031 
0,0362396240234375 
0,028133392333984375 
0,030994415283203125 
0,03647804260253906 
0,030279159545898438 
0,03552436828613281 
0,034809112548828125 
0,030994415283203125 
0,03743171691894531 
0,034809112548828125 
0,030517578125 
0,029325485229492188 
0,030279159545898438 
0,0209808349609375 
0,041961669921875 
0,021457672119140625 
0,021696090698242188 
0,03457069396972656 
0,047206878662109375 
0,0362396240234375 
0,03600120544433594 
0,029325485229492188 
