0,000476837158203125 
0,0820159912109375 
0,060558319091796875 
0,05435943603515625 
0,04363059997558594 
0,04267692565917969 
0,04506111145019531 
0,06890296936035156 
0,06127357482910156 
0,03457069396972656 
0,026464462280273438 
0,08702278137207031 
0,041961669921875 
0,03933906555175781 
0,039577484130859375 
0,0438690185546875 
0,039577484130859375 
0,057220458984375 
0,07319450378417969 
0,06389617919921875 
0,03910064697265625 
0,051975250244140625 
0,0438690185546875 
0,04076957702636719 
0,026464462280273438 
0,027418136596679688 
0,030040740966796875 
0,034332275390625 
0,03337860107421875 
0,03361701965332031 
0,08916854858398438 
0,04363059997558594 
0,03719329833984375 
0,06270408630371094 
0,04363059997558594 
0,03361701965332031 
0,026226043701171875 
0,025510787963867188 
0,034809112548828125 
0,03314018249511719 
0,03814697265625 
0,06771087646484375 
0,04506111145019531 
0,0476837158203125 
0,03552436828613281 
0,030755996704101562 
