0,000476837158203125 
0,033855438232421875 
0,028848648071289062 
0,0286102294921875 
0,027894973754882812 
0,030517578125 
0,03647804260253906 
0,037670135498046875 
0,02956390380859375 
0,040531158447265625 
0,031948089599609375 
0,04124641418457031 
0,1285076141357422 
0,04076957702636719 
0,041961669921875 
0,04410743713378906 
0,080108642578125 
0,03743171691894531 
0,0553131103515625 
0,037670135498046875 
0,03695487976074219 
0,057220458984375 
0,03218650817871094 
0,025272369384765625 
0,03552436828613281 
0,040531158447265625 
0,04267692565917969 
0,04410743713378906 
0,020503997802734375 
0,030279159545898438 
0,045299530029296875 
0,05221366882324219 
0,10800361633300781 
0,03266334533691406 
0,05459785461425781 
0,049114227294921875 
0,034809112548828125 
0,041484832763671875 
0,03147125244140625 
0,0286102294921875 
0,041484832763671875 
0,0457763671875 
0,04792213439941406 
0,024557113647460938 
0,10228157043457031 
0,05221366882324219 
0,102996826171875 
0,041961669921875 
0,04124641418457031 
0,054836273193359375 
0,07677078247070312 
0,05078315734863281 
0,03147125244140625 
0,0324249267578125 
0,03933906555175781 
0,04482269287109375 
0,06866455078125 
0,02193450927734375 
0,038623809814453125 
0,045299530029296875 
0,21076202392578125 
0,030994415283203125 
0,030040740966796875 
0,031948089599609375 
0,049591064453125 
0,4000663757324219 
0,03743171691894531 
0,03933906555175781 
0,06818771362304688 
0,0362396240234375 
0,04649162292480469 
0,08726119995117188 
0,02288818359375 
0,07176399230957031 
0,03457069396972656 
0,03886222839355469 
0,04839897155761719 
0,031948089599609375 
0,04076957702636719 
0,028371810913085938 
0,041961669921875 
0,023603439331054688 
0,03314018249511719 
0,037670135498046875 
0,04029273986816406 
0,029087066650390625 
0,044345855712890625 
0,030040740966796875 
0,03314018249511719 
0,035762786865234375 
0,06556510925292969 
0,04863739013671875 
0,04315376281738281 
0,045299530029296875 
0,05936622619628906 
0,042438507080078125 
0,03218650817871094 
0,04649162292480469 
0,029802322387695312 
0,0209808349609375 
0,03552436828613281 
0,0362396240234375 
0,03910064697265625 
0,0247955322265625 
0,030040740966796875 
0,026464462280273438 
0,022172927856445312 
0,023126602172851562 
0,04291534423828125 
0,04267692565917969 
0,031232833862304688 
0,026702880859375 
0,025272369384765625 
0,022649765014648438 
0,06818771362304688 
0,05507469177246094 
0,10585784912109375 
0,03552436828613281 
0,03147125244140625 
0,041484832763671875 
0,04482269287109375 
0,05221366882324219 
0,026226043701171875 
0,06127357482910156 
0,040531158447265625 
0,03981590270996094 
0,024080276489257812 
0,0400543212890625 
0,0171661376953125 
0,05793571472167969 
0,02956390380859375 
0,04553794860839844 
0,04458427429199219 
0,04291534423828125 
0,0286102294921875 
0,03886222839355469 
0,02956390380859375 
0,0362396240234375 
0,030040740966796875 
0,03552436828613281 
0,028848648071289062 
0,02956390380859375 
0,04100799560546875 
0,05364418029785156 
0,028848648071289062 
0,047206878662109375 
0,029087066650390625 
0,028848648071289062 
0,023365020751953125 
0,10895729064941406 
0,023126602172851562 
0,04267692565917969 
0,0209808349609375 
0,03170967102050781 
0,03147125244140625 
0,044345855712890625 
0,053882598876953125 
0,030279159545898438 
0,05602836608886719 
0,0286102294921875 
0,1366138458251953 
0,030994415283203125 
0,040531158447265625 
0,03933906555175781 
0,025272369384765625 
0,0247955322265625 
0,03552436828613281 
0,023365020751953125 
0,03266334533691406 
0,029325485229492188 
0,03600120544433594 
0,02956390380859375 
0,07891654968261719 
0,026702880859375 
0,12993812561035156 
0,025987625122070312 
0,04982948303222656 
0,0362396240234375 
0,03910064697265625 
0,02193450927734375 
0,017642974853515625 
0,04696846008300781 
0,028848648071289062 
0,030994415283203125 
0,025033950805664062 
0,031232833862304688 
0,03147125244140625 
0,029325485229492188 
0,019073486328125 
0,051021575927734375 
0,028133392333984375 
0,039577484130859375 
0,05793571472167969 
0,047206878662109375 
0,05078315734863281 
0,04649162292480469 
0,04553794860839844 
0,03719329833984375 
0,02384185791015625 
0,028848648071289062 
0,04172325134277344 
0,028848648071289062 
0,02956390380859375 
0,027418136596679688 
0,030279159545898438 
0,030279159545898438 
0,07009506225585938 
0,026941299438476562 
0,04410743713378906 
0,08487701416015625 
0,07271766662597656 
0,040531158447265625 
0,03528594970703125 
0,030994415283203125 
0,022649765014648438 
