0,00095367431640625 
0,07653236389160156 
0,07271766662597656 
0,12922286987304688 
0,03886222839355469 
0,10514259338378906 
0,06818771362304688 
0,04673004150390625 
0,03838539123535156 
0,04291534423828125 
0,03314018249511719 
0,04458427429199219 
0,08630752563476562 
0,1766681671142578 
0,07653236389160156 
0,05841255187988281 
0,05698204040527344 
0,08440017700195312 
0,04410743713378906 
0,04673004150390625 
0,0400543212890625 
0,04601478576660156 
0,03600120544433594 
0,039577484130859375 
0,07510185241699219 
0,06318092346191406 
0,03314018249511719 
0,03719329833984375 
0,04696846008300781 
0,05626678466796875 
0,04482269287109375 
0,046253204345703125 
0,04458427429199219 
0,0629425048828125 
0,035762786865234375 
0,10991096496582031 
0,035762786865234375 
0,043392181396484375 
0,044345855712890625 
0,07367134094238281 
0,026941299438476562 
0,027418136596679688 
0,040531158447265625 
0,034332275390625 
0,03719329833984375 
0,039577484130859375 
0,045299530029296875 
0,0476837158203125 
0,07224082946777344 
0,07939338684082031 
0,09036064147949219 
0,05221366882324219 
0,053882598876953125 
0,05078315734863281 
0,16069412231445312 
0,10156631469726562 
0,061511993408203125 
0,03933906555175781 
0,03719329833984375 
0,04839897155761719 
0,10037422180175781 
0,171661376953125 
0,12111663818359375 
0,04506111145019531 
0,04458427429199219 
0,03170967102050781 
0,050067901611328125 
0,041961669921875 
0,039577484130859375 
0,05221366882324219 
0,052928924560546875 
0,04220008850097656 
0,08273124694824219 
0,03910064697265625 
0,07796287536621094 
0,11348724365234375 
0,04220008850097656 
0,04673004150390625 
0,04887580871582031 
0,04291534423828125 
0,118255615234375 
0,05817413330078125 
0,04649162292480469 
0,07987022399902344 
0,07987022399902344 
0,045299530029296875 
0,037670135498046875 
0,044345855712890625 
0,08535385131835938 
0,05650520324707031 
0,0514984130859375 
0,043392181396484375 
0,07343292236328125 
0,09012222290039062 
0,16760826110839844 
0,1461505889892578 
0,09298324584960938 
0,06937980651855469 
0,08249282836914062 
0,09179115295410156 
0,055789947509765625 
0,0667572021484375 
0,03743171691894531 
0,04649162292480469 
0,04100799560546875 
0,11444091796875 
0,16999244689941406 
0,06461143493652344 
0,07271766662597656 
0,11491775512695312 
0,06389617919921875 
0,04673004150390625 
0,04506111145019531 
0,04935264587402344 
0,04458427429199219 
0,060558319091796875 
0,046253204345703125 
0,04744529724121094 
0,046253204345703125 
0,04696846008300781 
0,04100799560546875 
0,04315376281738281 
0,07677078247070312 
0,04315376281738281 
0,04315376281738281 
0,05125999450683594 
0,07867813110351562 
0,1087188720703125 
0,07367134094238281 
0,05435943603515625 
0,06461143493652344 
0,060558319091796875 
0,04792213439941406 
0,03886222839355469 
0,03361701965332031 
0,04172325134277344 
0,028371810913085938 
0,031232833862304688 
0,2067089080810547 
0,0400543212890625 
0,04029273986816406 
0,03695487976074219 
0,03910064697265625 
0,04172325134277344 
0,040531158447265625 
0,030994415283203125 
0,031948089599609375 
0,03528594970703125 
0,03886222839355469 
0,031232833862304688 
0,031948089599609375 
0,037670135498046875 
0,04649162292480469 
0,062465667724609375 
0,0667572021484375 
0,04506111145019531 
0,047206878662109375 
0,042438507080078125 
0,04482269287109375 
0,04601478576660156 
0,047206878662109375 
0,04100799560546875 
0,036716461181640625 
0,0438690185546875 
0,03719329833984375 
0,1418590545654297 
0,04601478576660156 
0,04076957702636719 
0,10204315185546875 
0,09107589721679688 
0,09179115295410156 
0,08344650268554688 
0,09274482727050781 
0,13589859008789062 
0,04506111145019531 
0,08177757263183594 
0,08344650268554688 
0,04172325134277344 
0,043392181396484375 
0,15735626220703125 
0,03266334533691406 
0,05054473876953125 
0,03504753112792969 
0,03886222839355469 
0,06508827209472656 
0,06794929504394531 
0,03600120544433594 
0,03457069396972656 
0,04076957702636719 
0,04267692565917969 
0,034332275390625 
0,034809112548828125 
0,029802322387695312 
0,03910064697265625 
0,04124641418457031 
0,06699562072753906 
0,034809112548828125 
0,025987625122070312 
0,03457069396972656 
0,04291534423828125 
0,04076957702636719 
0,031232833862304688 
0,09393692016601562 
0,04839897155761719 
0,034332275390625 
0,05221366882324219 
0,046253204345703125 
0,037670135498046875 
0,04291534423828125 
0,031232833862304688 
0,030040740966796875 
0,03743171691894531 
0,035762786865234375 
0,11420249938964844 
0,029802322387695312 
0,05841255187988281 
0,03910064697265625 
0,0324249267578125 
0,03600120544433594 
0,03218650817871094 
0,028848648071289062 
0,03790855407714844 
0,027179718017578125 
0,038623809814453125 
0,03552436828613281 
0,04792213439941406 
0,026226043701171875 
0,028848648071289062 
0,02288818359375 
0,0209808349609375 
0,026226043701171875 
0,02193450927734375 
0,025272369384765625 
0,025272369384765625 
0,026226043701171875 
0,0457763671875 
0,03552436828613281 
0,021696090698242188 
0,02574920654296875 
0,026941299438476562 
0,025987625122070312 
0,023365020751953125 
0,027179718017578125 
0,04601478576660156 
0,027894973754882812 
0,02384185791015625 
0,02765655517578125 
0,027894973754882812 
0,032901763916015625 
0,029325485229492188 
0,025987625122070312 
0,02384185791015625 
0,025987625122070312 
0,02384185791015625 
0,031232833862304688 
0,04792213439941406 
0,050067901611328125 
0,05555152893066406 
0,026464462280273438 
0,04506111145019531 
0,039577484130859375 
0,027894973754882812 
0,027418136596679688 
0,02288818359375 
0,020265579223632812 
0,04220008850097656 
0,026226043701171875 
0,027418136596679688 
0,025987625122070312 
0,020265579223632812 
0,020265579223632812 
0,025033950805664062 
0,020265579223632812 
0,02956390380859375 
0,03170967102050781 
0,02384185791015625 
0,026226043701171875 
0,020742416381835938 
0,022411346435546875 
0,029325485229492188 
0,026941299438476562 
0,025510787963867188 
0,035762786865234375 
0,024557113647460938 
0,026464462280273438 
0,025510787963867188 
0,025987625122070312 
0,05435943603515625 
0,031948089599609375 
0,04410743713378906 
0,036716461181640625 
0,028133392333984375 
0,029802322387695312 
0,05340576171875 
0,03719329833984375 
0,03409385681152344 
0,02574920654296875 
0,017642974853515625 
0,018596649169921875 
0,02765655517578125 
0,026941299438476562 
0,23794174194335938 
0,06818771362304688 
0,06437301635742188 
0,05245208740234375 
0,047206878662109375 
0,040531158447265625 
0,056743621826171875 
0,04100799560546875 
0,06008148193359375 
0,04291534423828125 
0,1087188720703125 
0,025987625122070312 
0,06651878356933594 
0,11348724365234375 
0,06818771362304688 
0,03647804260253906 
0,08940696716308594 
0,026464462280273438 
0,03266334533691406 
0,03147125244140625 
0,027179718017578125 
0,026941299438476562 
0,042438507080078125 
0,03743171691894531 
0,026226043701171875 
0,04291534423828125 
0,07462501525878906 
0,08916854858398438 
0,064849853515625 
0,04029273986816406 
0,030279159545898438 
0,04029273986816406 
0,04458427429199219 
0,04172325134277344 
0,05698204040527344 
0,03361701965332031 
0,033855438232421875 
0,03600120544433594 
0,030994415283203125 
0,045299530029296875 
0,044345855712890625 
0,04029273986816406 
0,04172325134277344 
0,032901763916015625 
0,04982948303222656 
0,03528594970703125 
0,030994415283203125 
0,03981590270996094 
0,040531158447265625 
0,17833709716796875 
0,06222724914550781 
0,09202957153320312 
0,16546249389648438 
0,03361701965332031 
0,04220008850097656 
0,04506111145019531 
0,04839897155761719 
0,11277198791503906 
0,17380714416503906 
0,03266334533691406 
0,04458427429199219 
0,05221366882324219 
0,0438690185546875 
0,0400543212890625 
0,027179718017578125 
0,029325485229492188 
0,026464462280273438 
0,027894973754882812 
0,03790855407714844 
0,025987625122070312 
0,02765655517578125 
0,030279159545898438 
0,034809112548828125 
0,027894973754882812 
0,02765655517578125 
0,0324249267578125 
0,026226043701171875 
0,049114227294921875 
0,03600120544433594 
0,047206878662109375 
0,044345855712890625 
0,04172325134277344 
