0,036716461181640625 
0,06890296936035156 
0,04553794860839844 
0,057220458984375 
0,049114227294921875 
0,05650520324707031 
0,04839897155761719 
0,06031990051269531 
0,06771087646484375 
0,04458427429199219 
0,03743171691894531 
0,14472007751464844 
0,08273124694824219 
0,07653236389160156 
0,05221366882324219 
0,09870529174804688 
0,06842613220214844 
0,06699562072753906 
0,07200241088867188 
0,08749961853027344 
0,07224082946777344 
0,10657310485839844 
0,04673004150390625 
0,2601146697998047 
0,1862049102783203 
0,08845329284667969 
0,048160552978515625 
0,06794929504394531 
0,04696846008300781 
0,07128715515136719 
0,22983551025390625 
0,22482872009277344 
0,05054473876953125 
0,05459785461425781 
0,05841255187988281 
0,07987022399902344 
0,04267692565917969 
0,05984306335449219 
0,0457763671875 
0,0705718994140625 
0,14066696166992188 
0,09083747863769531 
0,056743621826171875 
0,04482269287109375 
0,037670135498046875 
0,06461143493652344 
0,056743621826171875 
0,053882598876953125 
0,05507469177246094 
0,05888938903808594 
0,06198883056640625 
0,06937980651855469 
0,0591278076171875 
0,06222724914550781 
0,11157989501953125 
0,04649162292480469 
0,04792213439941406 
0,04982948303222656 
0,050067901611328125 
0,0667572021484375 
0,12373924255371094 
0,07605552673339844 
0,3037452697753906 
0,2269744873046875 
0,046253204345703125 
0,0553131103515625 
0,09441375732421875 
0,15497207641601562 
0,6477832794189453 
0,07271766662597656 
0,1723766326904297 
0,061511993408203125 
0,08130073547363281 
0,05245208740234375 
0,05245208740234375 
0,057697296142578125 
0,05412101745605469 
0,042438507080078125 
0,32639503479003906 
0,04410743713378906 
0,058650970458984375 
0,12421607971191406 
0,04601478576660156 
0,07939338684082031 
0,10418891906738281 
0,0438690185546875 
0,09703636169433594 
0,11849403381347656 
0,17642974853515625 
0,04744529724121094 
0,05412101745605469 
0,16379356384277344 
0,07963180541992188 
0,09250640869140625 
0,18930435180664062 
0,060558319091796875 
0,037670135498046875 
0,09226799011230469 
0,1723766326904297 
0,2257823944091797 
0,049114227294921875 
0,11610984802246094 
0,039577484130859375 
0,055789947509765625 
0,06079673767089844 
0,05555152893066406 
0,0629425048828125 
0,060558319091796875 
0,05316734313964844 
0,06890296936035156 
0,06556510925292969 
0,18858909606933594 
0,052928924560546875 
0,06890296936035156 
0,06532669067382812 
0,06127357482910156 
0,049114227294921875 
0,06747245788574219 
0,04673004150390625 
0,179290771484375 
0,05507469177246094 
0,05364418029785156 
0,052928924560546875 
0,06389617919921875 
0,16427040100097656 
0,09012222290039062 
0,04649162292480469 
0,07677078247070312 
0,05364418029785156 
0,1766681671142578 
0,05602836608886719 
0,05125999450683594 
0,04982948303222656 
0,05555152893066406 
0,03147125244140625 
0,07939338684082031 
0,05245208740234375 
0,1220703125 
0,2257823944091797 
0,05650520324707031 
0,05078315734863281 
0,14448165893554688 
0,06127357482910156 
0,059604644775390625 
0,2617835998535156 
0,179290771484375 
0,048160552978515625 
0,06222724914550781 
0,06127357482910156 
0,09393692016601562 
0,10323524475097656 
0,09751319885253906 
0,05459785461425781 
0,06508827209472656 
0,09679794311523438 
0,08487701416015625 
0,04839897155761719 
0,04696846008300781 
0,06413459777832031 
0,13017654418945312 
0,04792213439941406 
0,0514984130859375 
0,15425682067871094 
0,05054473876953125 
0,040531158447265625 
0,05626678466796875 
0,1735687255859375 
0,06628036499023438 
0,028371810913085938 
0,028848648071289062 
0,050067901611328125 
0,054836273193359375 
0,04363059997558594 
0,07343292236328125 
0,04124641418457031 
0,04649162292480469 
0,11205673217773438 
0,050067901611328125 
0,05555152893066406 
0,072479248046875 
0,03647804260253906 
0,12564659118652344 
0,05030632019042969 
0,09894371032714844 
0,05054473876953125 
0,11873245239257812 
0,06842613220214844 
0,14257431030273438 
0,043392181396484375 
0,06890296936035156 
0,06628036499023438 
0,05698204040527344 
0,04100799560546875 
0,11968612670898438 
0,12540817260742188 
0,05269050598144531 
0,025033950805664062 
0,030040740966796875 
0,06318092346191406 
0,06318092346191406 
0,04100799560546875 
0,045299530029296875 
0,05054473876953125 
0,07104873657226562 
0,04673004150390625 
0,05078315734863281 
0,050067901611328125 
0,06937980651855469 
0,04792213439941406 
0,04363059997558594 
0,042438507080078125 
0,051021575927734375 
0,15783309936523438 
0,05054473876953125 
0,041961669921875 
0,07033348083496094 
0,04887580871582031 
0,06198883056640625 
0,08916854858398438 
0,05745887756347656 
0,04315376281738281 
0,05412101745605469 
0,1163482666015625 
0,06914138793945312 
0,10251998901367188 
0,07700920104980469 
0,2865791320800781 
0,10633468627929688 
0,11491775512695312 
0,11086463928222656 
0,15783309936523438 
0,148773193359375 
0,03910064697265625 
0,05888938903808594 
0,0896453857421875 
0,046253204345703125 
0,049114227294921875 
0,087738037109375 
0,05817413330078125 
0,0629425048828125 
0,05173683166503906 
0,06699562072753906 
0,04935264587402344 
0,04982948303222656 
0,049591064453125 
0,04935264587402344 
0,03790855407714844 
0,07224082946777344 
0,05793571472167969 
0,072479248046875 
0,03790855407714844 
0,055789947509765625 
0,05435943603515625 
0,051021575927734375 
0,03790855407714844 
0,04029273986816406 
0,04267692565917969 
0,08153915405273438 
0,06818771362304688 
0,057697296142578125 
0,05316734313964844 
0,05602836608886719 
0,06437301635742188 
0,17070770263671875 
0,152587890625 
0,10418891906738281 
0,0324249267578125 
0,048160552978515625 
0,046253204345703125 
0,05745887756347656 
0,10251998901367188 
0,0591278076171875 
0,04363059997558594 
0,0782012939453125 
0,06079673767089844 
0,09274482727050781 
0,11777877807617188 
0,05817413330078125 
0,07009506225585938 
0,05173683166503906 
0,09202957153320312 
0,07200241088867188 
0,038623809814453125 
0,09775161743164062 
0,06103515625 
0,19621849060058594 
0,03647804260253906 
0,04291534423828125 
0,04553794860839844 
0,054836273193359375 
0,0514984130859375 
0,05173683166503906 
0,03695487976074219 
0,054836273193359375 
0,04601478576660156 
0,041484832763671875 
0,04267692565917969 
0,10204315185546875 
0,04267692565917969 
0,0476837158203125 
0,0782012939453125 
0,07915496826171875 
0,04649162292480469 
0,04696846008300781 
0,156402587890625 
0,060558319091796875 
0,03743171691894531 
0,04935264587402344 
0,042438507080078125 
0,06175041198730469 
0,1456737518310547 
0,07581710815429688 
0,0591278076171875 
0,05125999450683594 
0,3566741943359375 
0,14019012451171875 
0,04124641418457031 
0,04315376281738281 
0,10275840759277344 
0,09775161743164062 
0,0400543212890625 
0,04172325134277344 
0,050067901611328125 
0,07390975952148438 
0,04363059997558594 
0,051975250244140625 
0,046253204345703125 
0,042438507080078125 
0,0457763671875 
0,04458427429199219 
0,058650970458984375 
0,03361701965332031 
0,018358230590820312 
0,02193450927734375 
0,04172325134277344 
0,06079673767089844 
0,04172325134277344 
0,05435943603515625 
0,04220008850097656 
0,07390975952148438 
0,04506111145019531 
0,053882598876953125 
0,049591064453125 
0,11205673217773438 
0,05459785461425781 
0,050067901611328125 
0,06747245788574219 
0,2906322479248047 
0,16069412231445312 
0,07033348083496094 
0,04601478576660156 
0,13256072998046875 
0,19216537475585938 
0,050067901611328125 
0,05316734313964844 
0,12373924255371094 
0,05602836608886719 
0,059604644775390625 
0,06890296936035156 
0,04100799560546875 
0,06318092346191406 
0,07462501525878906 
0,2079010009765625 
0,06413459777832031 
0,06389617919921875 
0,057697296142578125 
0,04982948303222656 
0,04100799560546875 
0,054836273193359375 
0,05626678466796875 
0,08082389831542969 
0,05030632019042969 
0,08082389831542969 
0,03981590270996094 
0,03814697265625 
0,05316734313964844 
0,04506111145019531 
0,05507469177246094 
0,1633167266845703 
0,04291534423828125 
0,06389617919921875 
0,08916854858398438 
0,22363662719726562 
0,11777877807617188 
0,04291534423828125 
0,07534027099609375 
0,13899803161621094 
0,11801719665527344 
0,06079673767089844 
0,10991096496582031 
0,05555152893066406 
0,05435943603515625 
0,05817413330078125 
0,0514984130859375 
0,05316734313964844 
0,052928924560546875 
0,04363059997558594 
0,06175041198730469 
0,04673004150390625 
0,05602836608886719 
0,03886222839355469 
0,053882598876953125 
0,044345855712890625 
0,05841255187988281 
0,04553794860839844 
0,041961669921875 
0,04029273986816406 
0,06628036499023438 
0,03790855407714844 
0,05173683166503906 
0,07176399230957031 
0,1308917999267578 
0,04124641418457031 
0,04649162292480469 
0,03695487976074219 
0,10943412780761719 
0,051021575927734375 
0,1533031463623047 
0,03218650817871094 
0,14972686767578125 
0,08845329284667969 
0,21123886108398438 
0,07081031799316406 
0,034332275390625 
0,020503997802734375 
0,04267692565917969 
0,025033950805664062 
0,040531158447265625 
