0,07176399230957031 
0,05626678466796875 
0,08058547973632812 
0,110626220703125 
0,06604194641113281 
0,04887580871582031 
0,07939338684082031 
0,038623809814453125 
0,04482269287109375 
0,03743171691894531 
0,045299530029296875 
0,33545494079589844 
0,072479248046875 
0,05173683166503906 
0,04935264587402344 
0,06628036499023438 
0,03814697265625 
0,05626678466796875 
0,059604644775390625 
0,03981590270996094 
0,049591064453125 
0,08392333984375 
0,054836273193359375 
0,04935264587402344 
0,08296966552734375 
0,047206878662109375 
0,05364418029785156 
0,053882598876953125 
0,1266002655029297 
0,08153915405273438 
0,06890296936035156 
0,03838539123535156 
0,13184547424316406 
0,13637542724609375 
0,080108642578125 
0,14090538024902344 
0,06341934204101562 
0,07271766662597656 
0,052928924560546875 
0,05507469177246094 
0,045299530029296875 
0,05364418029785156 
0,037670135498046875 
0,08082389831542969 
0,04267692565917969 
0,03814697265625 
0,046253204345703125 
0,0743865966796875 
0,07081031799316406 
0,041961669921875 
0,05435943603515625 
0,06198883056640625 
0,038623809814453125 
0,056743621826171875 
0,03647804260253906 
0,057697296142578125 
0,03528594970703125 
0,035762786865234375 
0,0362396240234375 
0,062465667724609375 
0,048160552978515625 
0,04792213439941406 
0,041484832763671875 
0,06270408630371094 
0,03528594970703125 
0,06389617919921875 
0,04100799560546875 
0,07486343383789062 
0,04839897155761719 
0,06031990051269531 
0,3998279571533203 
0,047206878662109375 
0,03528594970703125 
0,04935264587402344 
0,03886222839355469 
0,045299530029296875 
0,08034706115722656 
0,040531158447265625 
0,04267692565917969 
0,05793571472167969 
0,05936622619628906 
0,03790855407714844 
0,06604194641113281 
0,06508827209472656 
0,064849853515625 
0,06651878356933594 
0,06532669067382812 
0,049114227294921875 
0,04267692565917969 
0,044345855712890625 
0,043392181396484375 
0,11777877807617188 
0,051021575927734375 
0,04696846008300781 
0,054836273193359375 
0,05125999450683594 
0,19240379333496094 
0,2837181091308594 
0,050067901611328125 
0,07891654968261719 
0,1964569091796875 
0,06580352783203125 
0,26535987854003906 
0,07319450378417969 
0,06580352783203125 
0,0514984130859375 
0,05507469177246094 
0,0476837158203125 
0,0514984130859375 
0,028133392333984375 
0,05078315734863281 
0,0476837158203125 
0,04029273986816406 
0,04839897155761719 
0,03886222839355469 
0,025987625122070312 
0,03552436828613281 
0,04839897155761719 
0,02574920654296875 
0,029325485229492188 
0,04124641418457031 
0,025272369384765625 
0,03528594970703125 
0,030755996704101562 
0,02765655517578125 
0,04458427429199219 
0,026702880859375 
0,03552436828613281 
0,042438507080078125 
0,044345855712890625 
0,038623809814453125 
0,07557868957519531 
0,06747245788574219 
0,0858306884765625 
0,06818771362304688 
0,028133392333984375 
0,03647804260253906 
0,025272369384765625 
0,04482269287109375 
0,044345855712890625 
0,05793571472167969 
0,03457069396972656 
0,026702880859375 
0,025510787963867188 
0,05364418029785156 
0,04220008850097656 
0,03886222839355469 
0,03504753112792969 
0,05507469177246094 
0,025510787963867188 
0,046253204345703125 
0,03719329833984375 
0,030517578125 
0,03457069396972656 
0,03933906555175781 
0,04363059997558594 
0,06580352783203125 
0,03719329833984375 
0,06985664367675781 
0,06031990051269531 
0,053882598876953125 
0,030279159545898438 
0,13375282287597656 
0,04410743713378906 
0,07414817810058594 
0,04506111145019531 
0,048160552978515625 
0,0400543212890625 
0,039577484130859375 
0,037670135498046875 
0,04315376281738281 
0,03743171691894531 
0,028133392333984375 
0,03337860107421875 
0,04506111145019531 
0,04363059997558594 
0,03504753112792969 
0,024318695068359375 
0,026702880859375 
0,03504753112792969 
0,03910064697265625 
0,07843971252441406 
0,05245208740234375 
0,048160552978515625 
0,05459785461425781 
0,042438507080078125 
0,04792213439941406 
0,06866455078125 
0,05698204040527344 
0,04029273986816406 
0,05793571472167969 
0,04220008850097656 
0,054836273193359375 
0,05364418029785156 
0,049591064453125 
0,05745887756347656 
0,05054473876953125 
0,05793571472167969 
0,051975250244140625 
0,03528594970703125 
0,03743171691894531 
0,049591064453125 
0,04410743713378906 
0,04982948303222656 
0,035762786865234375 
0,03552436828613281 
0,03647804260253906 
0,0591278076171875 
0,03647804260253906 
0,04696846008300781 
0,07462501525878906 
0,04649162292480469 
0,04982948303222656 
0,055789947509765625 
0,036716461181640625 
0,033855438232421875 
0,03457069396972656 
0,038623809814453125 
0,23436546325683594 
0,09107589721679688 
0,052928924560546875 
0,14662742614746094 
0,06008148193359375 
0,06175041198730469 
0,07224082946777344 
0,04553794860839844 
0,08225440979003906 
0,0438690185546875 
0,05650520324707031 
0,039577484130859375 
0,17976760864257812 
0,054836273193359375 
0,18286705017089844 
0,10037422180175781 
0,08702278137207031 
0,14829635620117188 
0,05817413330078125 
0,15544891357421875 
0,0858306884765625 
0,1678466796875 
0,04649162292480469 
0,05793571472167969 
0,055789947509765625 
0,055789947509765625 
0,064849853515625 
0,052928924560546875 
0,05054473876953125 
0,05984306335449219 
0,04506111145019531 
0,05340576171875 
0,04363059997558594 
0,08630752563476562 
0,06556510925292969 
0,05555152893066406 
0,07486343383789062 
0,07963180541992188 
0,06556510925292969 
0,055789947509765625 
0,041961669921875 
0,03981590270996094 
0,05340576171875 
0,05817413330078125 
0,03266334533691406 
0,057697296142578125 
0,02956390380859375 
0,04506111145019531 
0,054836273193359375 
0,029325485229492188 
0,032901763916015625 
0,038623809814453125 
0,04220008850097656 
0,027179718017578125 
0,03504753112792969 
0,030517578125 
0,05555152893066406 
0,030755996704101562 
0,03314018249511719 
0,031948089599609375 
0,039577484130859375 
0,06532669067382812 
0,03981590270996094 
0,04315376281738281 
0,03457069396972656 
0,04172325134277344 
0,04553794860839844 
0,043392181396484375 
0,04220008850097656 
0,0400543212890625 
0,0438690185546875 
0,08749961853027344 
0,1266002655029297 
0,02574920654296875 
0,038623809814453125 
0,05412101745605469 
0,04076957702636719 
0,11777877807617188 
0,05602836608886719 
0,07295608520507812 
0,15282630920410156 
0,07295608520507812 
0,05555152893066406 
0,06318092346191406 
0,07271766662597656 
0,057220458984375 
0,053882598876953125 
0,05745887756347656 
0,05602836608886719 
0,055789947509765625 
0,06771087646484375 
0,04482269287109375 
0,03981590270996094 
0,0514984130859375 
0,060558319091796875 
0,07534027099609375 
0,05555152893066406 
0,05555152893066406 
0,06461143493652344 
0,0457763671875 
0,04887580871582031 
0,04482269287109375 
0,030517578125 
0,029087066650390625 
0,041484832763671875 
0,05650520324707031 
0,10085105895996094 
0,0362396240234375 
0,05793571472167969 
0,04267692565917969 
0,07224082946777344 
0,03314018249511719 
0,035762786865234375 
0,0400543212890625 
0,04935264587402344 
0,04076957702636719 
0,03552436828613281 
0,08225440979003906 
0,04601478576660156 
0,04982948303222656 
0,06866455078125 
0,05340576171875 
0,04887580871582031 
0,05650520324707031 
0,03719329833984375 
0,07319450378417969 
0,09965896606445312 
0,08440017700195312 
0,07343292236328125 
0,03528594970703125 
0,05245208740234375 
0,15854835510253906 
0,10442733764648438 
0,05817413330078125 
0,06866455078125 
0,12564659118652344 
0,06461143493652344 
0,1952648162841797 
0,06413459777832031 
0,11563301086425781 
0,03647804260253906 
0,08344650268554688 
0,08034706115722656 
0,049114227294921875 
0,0514984130859375 
0,04553794860839844 
0,04601478576660156 
0,05745887756347656 
0,049591064453125 
0,046253204345703125 
0,04935264587402344 
0,05984306335449219 
0,046253204345703125 
0,04267692565917969 
0,041484832763671875 
0,03218650817871094 
0,04267692565917969 
0,054836273193359375 
0,03838539123535156 
0,04220008850097656 
0,03981590270996094 
0,04315376281738281 
0,04291534423828125 
0,04172325134277344 
0,03933906555175781 
0,03266334533691406 
0,05221366882324219 
0,053882598876953125 
0,05435943603515625 
0,058650970458984375 
0,06318092346191406 
0,03743171691894531 
0,05030632019042969 
0,03528594970703125 
0,035762786865234375 
0,05316734313964844 
0,04076957702636719 
0,04220008850097656 
0,06723403930664062 
0,03790855407714844 
0,053882598876953125 
0,03528594970703125 
0,049591064453125 
0,046253204345703125 
0,04863739013671875 
0,05078315734863281 
0,04935264587402344 
0,05507469177246094 
0,05078315734863281 
0,04458427429199219 
0,03504753112792969 
0,046253204345703125 
0,051975250244140625 
0,05412101745605469 
0,03814697265625 
0,050067901611328125 
0,04887580871582031 
0,051021575927734375 
0,051021575927734375 
0,05364418029785156 
0,05459785461425781 
0,057220458984375 
0,04076957702636719 
0,04172325134277344 
0,04673004150390625 
0,03361701965332031 
0,04553794860839844 
0,1590251922607422 
0,07534027099609375 
0,044345855712890625 
0,04172325134277344 
0,06699562072753906 
0,08177757263183594 
0,049591064453125 
0,03719329833984375 
0,04410743713378906 
0,051021575927734375 
0,04863739013671875 
0,03552436828613281 
0,052928924560546875 
0,041961669921875 
0,04935264587402344 
0,04482269287109375 
0,15091896057128906 
0,036716461181640625 
0,03695487976074219 
0,0286102294921875 
0,02765655517578125 
0,046253204345703125 
0,03933906555175781 
0,04363059997558594 
0,049114227294921875 
0,029087066650390625 
0,0286102294921875 
0,03218650817871094 
0,0362396240234375 
0,029325485229492188 
0,032901763916015625 
0,04696846008300781 
0,06198883056640625 
0,07033348083496094 
0,07271766662597656 
0,05507469177246094 
0,05221366882324219 
0,05269050598144531 
0,21266937255859375 
0,07081031799316406 
0,0400543212890625 
0,06628036499023438 
0,07295608520507812 
0,06389617919921875 
0,06651878356933594 
0,04839897155761719 
0,0705718994140625 
0,0553131103515625 
0,06532669067382812 
0,0553131103515625 
0,06008148193359375 
0,04601478576660156 
0,0438690185546875 
0,051975250244140625 
0,03981590270996094 
0,042438507080078125 
0,04124641418457031 
0,037670135498046875 
0,0400543212890625 
0,04887580871582031 
0,04744529724121094 
0,029087066650390625 
0,046253204345703125 
0,040531158447265625 
0,056743621826171875 
0,026941299438476562 
0,04410743713378906 
0,026702880859375 
0,027894973754882812 
0,028848648071289062 
0,05316734313964844 
0,0286102294921875 
0,04458427429199219 
0,04291534423828125 
0,052928924560546875 
0,04482269287109375 
0,04220008850097656 
0,04076957702636719 
0,06985664367675781 
0,03361701965332031 
0,07152557373046875 
0,030040740966796875 
0,0591278076171875 
0,07605552673339844 
0,0400543212890625 
0,05888938903808594 
0,07772445678710938 
0,060558319091796875 
0,05936622619628906 
0,04315376281738281 
0,0591278076171875 
0,042438507080078125 
0,07081031799316406 
0,058650970458984375 
0,0400543212890625 
0,04482269287109375 
0,036716461181640625 
0,041484832763671875 
0,04315376281738281 
0,043392181396484375 
0,049114227294921875 
0,047206878662109375 
0,030994415283203125 
0,03170967102050781 
0,03218650817871094 
0,04863739013671875 
0,03600120544433594 
0,03910064697265625 
0,06794929504394531 
0,06365776062011719 
0,09369850158691406 
0,1571178436279297 
0,058650970458984375 
0,053882598876953125 
0,11181831359863281 
0,04458427429199219 
0,06031990051269531 
0,07033348083496094 
0,06008148193359375 
0,04863739013671875 
0,04792213439941406 
0,03647804260253906 
0,033855438232421875 
0,13494491577148438 
0,07200241088867188 
0,08678436279296875 
0,04744529724121094 
0,03886222839355469 
0,0743865966796875 
0,05555152893066406 
0,059604644775390625 
0,041484832763671875 
0,07200241088867188 
0,043392181396484375 
0,055789947509765625 
0,041484832763671875 
0,041484832763671875 
0,03552436828613281 
0,2865791320800781 
0,09012222290039062 
0,3745555877685547 
0,09632110595703125 
0,05125999450683594 
0,04673004150390625 
0,053882598876953125 
0,033855438232421875 
0,029087066650390625 
0,049591064453125 
0,04220008850097656 
0,028371810913085938 
0,03266334533691406 
0,03600120544433594 
0,025987625122070312 
0,027894973754882812 
0,03409385681152344 
0,034809112548828125 
0,02574920654296875 
0,03457069396972656 
0,03457069396972656 
0,030279159545898438 
0,032901763916015625 
0,031948089599609375 
0,03838539123535156 
0,042438507080078125 
0,03838539123535156 
0,035762786865234375 
0,038623809814453125 
0,034809112548828125 
0,039577484130859375 
0,03743171691894531 
0,09870529174804688 
0,040531158447265625 
0,046253204345703125 
0,041961669921875 
0,07390975952148438 
0,05793571472167969 
0,07343292236328125 
0,07534027099609375 
0,058650970458984375 
0,05054473876953125 
0,05340576171875 
0,051021575927734375 
0,04839897155761719 
0,041961669921875 
0,04363059997558594 
0,05078315734863281 
0,046253204345703125 
0,029325485229492188 
0,04506111145019531 
0,05650520324707031 
0,06914138793945312 
0,04363059997558594 
0,03504753112792969 
0,033855438232421875 
0,04601478576660156 
0,04172325134277344 
0,034332275390625 
0,033855438232421875 
0,026702880859375 
0,026464462280273438 
0,04076957702636719 
0,03647804260253906 
0,03528594970703125 
0,7460117340087891 
0,09894371032714844 
0,20051002502441406 
0,03886222839355469 
0,14781951904296875 
0,13065338134765625 
0,10919570922851562 
0,20813941955566406 
0,055789947509765625 
0,2167224884033203 
0,10895729064941406 
0,061511993408203125 
0,06771087646484375 
0,0667572021484375 
0,26869773864746094 
0,08082389831542969 
0,09441375732421875 
0,13518333435058594 
0,15735626220703125 
0,07510185241699219 
0,08511543273925781 
0,07724761962890625 
0,18405914306640625 
0,08153915405273438 
0,10800361633300781 
0,2579689025878906 
0,07152557373046875 
0,06270408630371094 
0,1704692840576172 
0,07486343383789062 
0,10824203491210938 
0,07176399230957031 
0,07963180541992188 
0,08487701416015625 
0,087738037109375 
0,08893013000488281 
0,08535385131835938 
0,07271766662597656 
0,10132789611816406 
0,24318695068359375 
0,08797645568847656 
0,07534027099609375 
0,07081031799316406 
0,08034706115722656 
0,07390975952148438 
0,10085105895996094 
0,07343292236328125 
0,06914138793945312 
0,06747245788574219 
0,07081031799316406 
0,08416175842285156 
0,0762939453125 
0,09632110595703125 
0,06604194641113281 
0,06699562072753906 
0,09250640869140625 
0,09059906005859375 
0,09369850158691406 
0,08368492126464844 
0,07200241088867188 
0,1571178436279297 
0,06198883056640625 
0,07700920104980469 
0,1239776611328125 
0,08749961853027344 
0,08893013000488281 
0,06461143493652344 
0,0629425048828125 
0,09942054748535156 
0,09846687316894531 
0,11682510375976562 
0,13256072998046875 
0,10204315185546875 
0,1342296600341797 
0,2512931823730469 
0,10204315185546875 
0,1201629638671875 
0,1239776611328125 
0,07557868957519531 
0,07748603820800781 
0,10561943054199219 
0,08082389831542969 
0,11038780212402344 
0,06604194641113281 
0,07200241088867188 
0,07581710815429688 
0,0705718994140625 
0,08440017700195312 
0,10013580322265625 
0,06818771362304688 
0,07128715515136719 
0,133514404296875 
0,11897087097167969 
0,21338462829589844 
0,06699562072753906 
0,15044212341308594 
0,07486343383789062 
0,1933574676513672 
0,08511543273925781 
0,3974437713623047 
0,09822845458984375 
0,08344650268554688 
0,09012222290039062 
0,0858306884765625 
0,07724761962890625 
0,087738037109375 
0,11801719665527344 
0,1342296600341797 
0,10013580322265625 
0,11706352233886719 
0,10848045349121094 
0,1513957977294922 
0,18715858459472656 
0,24175643920898438 
0,18596649169921875 
0,14972686767578125 
0,15783309936523438 
0,2334117889404297 
0,1518726348876953 
0,07700920104980469 
0,0896453857421875 
0,0514984130859375 
0,09584426879882812 
0,08296966552734375 
0,08988380432128906 
0,07009506225585938 
0,072479248046875 
0,06532669067382812 
0,08320808410644531 
0,06461143493652344 
0,06723403930664062 
0,06341934204101562 
0,08034706115722656 
0,09846687316894531 
0,07677078247070312 
0,06413459777832031 
0,24843215942382812 
0,14710426330566406 
0,07033348083496094 
0,06890296936035156 
0,06651878356933594 
0,06270408630371094 
0,07128715515136719 
0,08320808410644531 
0,07891654968261719 
0,10561943054199219 
0,14710426330566406 
0,08749961853027344 
0,23031234741210938 
0,18858909606933594 
0,3421306610107422 
0,2665519714355469 
0,10991096496582031 
0,14543533325195312 
0,09369850158691406 
0,08940696716308594 
0,14925003051757812 
0,10991096496582031 
0,1404285430908203 
0,13709068298339844 
0,24580955505371094 
0,2906322479248047 
0,3070831298828125 
0,08296966552734375 
0,08893013000488281 
0,27561187744140625 
0,35500526428222656 
0,2830028533935547 
0,12183189392089844 
0,07843971252441406 
0,17023086547851562 
0,29921531677246094 
0,07724761962890625 
0,1456737518310547 
0,23651123046875 
0,08916854858398438 
0,25343894958496094 
0,10704994201660156 
0,10061264038085938 
0,20623207092285156 
0,07343292236328125 
0,09608268737792969 
0,10442733764648438 
0,152587890625 
0,07534027099609375 
0,16164779663085938 
0,07176399230957031 
0,10538101196289062 
0,11205673217773438 
0,07271766662597656 
0,08869171142578125 
0,11491775512695312 
0,10061264038085938 
0,09036064147949219 
0,10275840759277344 
0,11801719665527344 
0,10251998901367188 
0,1373291015625 
0,1881122589111328 
0,08392333984375 
0,09942054748535156 
0,06914138793945312 
0,11777877807617188 
0,09107589721679688 
0,11944770812988281 
0,13446807861328125 
0,10442733764648438 
0,12636184692382812 
0,10418891906738281 
0,23674964904785156 
0,08225440979003906 
0,20194053649902344 
0,30994415283203125 
0,0782012939453125 
0,16570091247558594 
0,16260147094726562 
0,14829635620117188 
0,072479248046875 
0,07867813110351562 
0,07891654968261719 
0,07390975952148438 
0,11038780212402344 
0,11086463928222656 
0,07319450378417969 
0,06914138793945312 
0,08845329284667969 
0,07414817810058594 
0,09799003601074219 
0,09489059448242188 
0,09179115295410156 
0,09822845458984375 
0,16832351684570312 
0,09989738464355469 
0,10776519775390625 
0,08988380432128906 
0,08916854858398438 
0,09226799011230469 
0,087738037109375 
0,07414817810058594 
0,09107589721679688 
0,0705718994140625 
0,08559226989746094 
0,13875961303710938 
0,11038780212402344 
0,0743865966796875 
0,07677078247070312 
0,19860267639160156 
0,12063980102539062 
0,12445449829101562 
0,09799003601074219 
0,09512901306152344 
0,09036064147949219 
0,12636184692382812 
0,110626220703125 
0,06699562072753906 
0,1239776611328125 
0,09226799011230469 
0,331878662109375 
0,17333030700683594 
0,14638900756835938 
0,08630752563476562 
0,148773193359375 
0,11801719665527344 
0,080108642578125 
0,1442432403564453 
0,1316070556640625 
0,240325927734375 
0,09036064147949219 
0,2181529998779297 
0,1347064971923828 
0,10037422180175781 
0,11110305786132812 
0,08606910705566406 
0,08702278137207031 
0,13017654418945312 
0,0743865966796875 
0,09179115295410156 
0,07700920104980469 
0,07534027099609375 
0,07319450378417969 
0,1251697540283203 
0,08654594421386719 
0,09775161743164062 
0,07510185241699219 
0,09608268737792969 
0,09274482727050781 
0,22840499877929688 
0,30517578125 
0,064849853515625 
0,06508827209472656 
0,06651878356933594 
0,08893013000488281 
0,07963180541992188 
0,10633468627929688 
0,12063980102539062 
0,072479248046875 
0,07224082946777344 
0,09512901306152344 
0,27108192443847656 
0,11324882507324219 
0,17023086547851562 
0,11539459228515625 
0,08320808410644531 
0,13709068298339844 
0,08535385131835938 
0,06961822509765625 
0,09822845458984375 
0,10728836059570312 
0,13375282287597656 
0,2048015594482422 
0,1552104949951172 
0,2760887145996094 
0,07677078247070312 
0,1316070556640625 
0,10013580322265625 
0,14543533325195312 
0,1289844512939453 
0,07987022399902344 
0,10180473327636719 
0,08368492126464844 
0,07891654968261719 
0,08130073547363281 
0,17404556274414062 
0,10895729064941406 
0,21958351135253906 
0,07295608520507812 
0,08368492126464844 
0,07033348083496094 
0,08249282836914062 
0,064849853515625 
0,06437301635742188 
0,07176399230957031 
0,07104873657226562 
0,10418891906738281 
0,07295608520507812 
0,06508827209472656 
0,06389617919921875 
0,10418891906738281 
0,08130073547363281 
0,07867813110351562 
0,06961822509765625 
0,07104873657226562 
0,10442733764648438 
0,09417533874511719 
0,06532669067382812 
0,07939338684082031 
0,08749961853027344 
0,17523765563964844 
0,09632110595703125 
0,1308917999267578 
0,12278556823730469 
0,17714500427246094 
0,07104873657226562 
0,06914138793945312 
0,08058547973632812 
0,14710426330566406 
0,10371208190917969 
0,22554397583007812 
0,1494884490966797 
0,102996826171875 
0,10538101196289062 
0,11682510375976562 
0,08130073547363281 
0,07891654968261719 
0,07581710815429688 
0,10752677917480469 
0,21505355834960938 
0,07677078247070312 
0,10371208190917969 
0,16546249389648438 
0,06771087646484375 
0,06580352783203125 
0,07081031799316406 
0,06508827209472656 
0,06127357482910156 
0,061511993408203125 
0,08654594421386719 
0,06270408630371094 
0,09679794311523438 
0,06198883056640625 
0,06771087646484375 
0,06389617919921875 
0,06413459777832031 
0,07939338684082031 
0,06437301635742188 
0,06413459777832031 
0,06699562072753906 
0,08416175842285156 
0,06604194641113281 
0,06771087646484375 
0,0705718994140625 
0,06890296936035156 
0,08678436279296875 
0,10418891906738281 
0,08678436279296875 
0,21982192993164062 
0,1659393310546875 
0,30159950256347656 
0,11706352233886719 
0,13875961303710938 
0,07271766662597656 
0,07891654968261719 
0,30684471130371094 
0,08726119995117188 
0,22149085998535156 
0,2052783966064453 
0,22721290588378906 
0,2589225769042969 
0,07796287536621094 
0,06556510925292969 
0,0782012939453125 
0,08893013000488281 
0,08153915405273438 
0,16880035400390625 
0,07677078247070312 
0,07557868957519531 
0,08034706115722656 
0,06842613220214844 
0,5471706390380859 
0,0762939453125 
0,1583099365234375 
0,07128715515136719 
0,10848045349121094 
0,11205673217773438 
0,11539459228515625 
0,09775161743164062 
0,07700920104980469 
0,12612342834472656 
0,08559226989746094 
0,16379356384277344 
0,13899803161621094 
0,095367431640625 
0,3571510314941406 
0,10085105895996094 
0,09322166442871094 
0,08916854858398438 
0,21767616271972656 
0,2620220184326172 
0,09417533874511719 
0,13709068298339844 
0,13136863708496094 
0,10037422180175781 
0,10514259338378906 
0,08535385131835938 
0,09465217590332031 
0,12063980102539062 
0,09298324584960938 
0,12445449829101562 
0,07843971252441406 
0,06747245788574219 
0,07510185241699219 
0,11849403381347656 
0,08416175842285156 
0,07843971252441406 
0,06270408630371094 
0,06341934204101562 
0,06580352783203125 
0,08535385131835938 
0,06437301635742188 
0,064849853515625 
0,06818771362304688 
0,07534027099609375 
0,09322166442871094 
0,07343292236328125 
0,07843971252441406 
0,0667572021484375 
0,06723403930664062 
0,10824203491210938 
0,08678436279296875 
0,09894371032714844 
0,1277923583984375 
0,17690658569335938 
0,1811981201171875 
0,0762939453125 
0,07891654968261719 
0,09274482727050781 
0,08678436279296875 
0,10967254638671875 
0,09131431579589844 
0,13017654418945312 
0,15234947204589844 
0,0896453857421875 
0,09179115295410156 
0,11849403381347656 
0,14066696166992188 
0,07462501525878906 
0,10752677917480469 
0,0705718994140625 
0,11682510375976562 
0,36072731018066406 
0,13589859008789062 
0,08845329284667969 
0,08678436279296875 
0,07700920104980469 
0,08869171142578125 
0,13017654418945312 
0,11873245239257812 
0,08416175842285156 
0,23984909057617188 
0,07390975952148438 
0,08893013000488281 
0,08368492126464844 
0,06771087646484375 
0,12731552124023438 
0,06794929504394531 
0,2422332763671875 
0,09322166442871094 
0,1266002655029297 
0,102996826171875 
0,1347064971923828 
0,08177757263183594 
0,10371208190917969 
0,09250640869140625 
0,09560585021972656 
0,12302398681640625 
0,08058547973632812 
0,08845329284667969 
0,09369850158691406 
0,08630752563476562 
0,07486343383789062 
0,07843971252441406 
0,07390975952148438 
0,08296966552734375 
0,15020370483398438 
0,10776519775390625 
0,0820159912109375 
0,07605552673339844 
0,07581710815429688 
0,072479248046875 
0,2048015594482422 
0,20194053649902344 
0,1277923583984375 
0,10824203491210938 
0,07891654968261719 
0,11301040649414062 
0,08034706115722656 
0,1266002655029297 
0,08511543273925781 
0,0972747802734375 
0,08463859558105469 
0,09322166442871094 
0,06461143493652344 
0,08726119995117188 
0,07224082946777344 
0,07963180541992188 
0,09465217590332031 
0,07867813110351562 
0,2713203430175781 
0,1494884490966797 
0,09751319885253906 
0,07462501525878906 
0,0743865966796875 
0,09202957153320312 
0,07748603820800781 
0,10728836059570312 
0,10371208190917969 
0,23221969604492188 
0,18477439880371094 
0,1575946807861328 
0,10395050048828125 
0,1087188720703125 
0,08130073547363281 
0,08487701416015625 
0,07772445678710938 
0,10085105895996094 
0,08249282836914062 
0,0743865966796875 
0,08344650268554688 
0,08130073547363281 
0,10228157043457031 
0,0972747802734375 
0,08463859558105469 
0,15687942504882812 
0,08678436279296875 
0,08559226989746094 
0,06985664367675781 
0,07867813110351562 
0,1087188720703125 
0,12040138244628906 
0,10514259338378906 
0,102996826171875 
0,13589859008789062 
0,15425682067871094 
0,08845329284667969 
0,13256072998046875 
0,08559226989746094 
0,11110305786132812 
0,10085105895996094 
0,11897087097167969 
0,10919570922851562 
0,11134147644042969 
0,09417533874511719 
0,3228187561035156 
0,1270771026611328 
0,12159347534179688 
0,15807151794433594 
0,11157989501953125 
0,2162456512451172 
0,18024444580078125 
0,09822845458984375 
0,1399517059326172 
0,3197193145751953 
0,17380714416503906 
0,11157989501953125 
0,10204315185546875 
0,102996826171875 
0,09322166442871094 
0,09846687316894531 
0,10943412780761719 
0,09775161743164062 
0,102996826171875 
0,10251998901367188 
0,10514259338378906 
0,0934600830078125 
0,12111663818359375 
0,09131431579589844 
0,08988380432128906 
0,08893013000488281 
0,11038780212402344 
0,07343292236328125 
0,10657310485839844 
0,10037422180175781 
0,07700920104980469 
0,09322166442871094 
0,091552734375 
0,10061264038085938 
0,09274482727050781 
0,10824203491210938 
0,14662742614746094 
0,10919570922851562 
0,1571178436279297 
0,08678436279296875 
0,08726119995117188 
0,0762939453125 
0,07772445678710938 
0,12826919555664062 
0,06937980651855469 
0,2627372741699219 
0,3199577331542969 
0,156402587890625 
0,07200241088867188 
0,10395050048828125 
0,15020370483398438 
0,1671314239501953 
0,18334388732910156 
0,19669532775878906 
0,06985664367675781 
0,07390975952148438 
0,13566017150878906 
0,17952919006347656 
0,2346038818359375 
0,21886825561523438 
0,06508827209472656 
0,15878677368164062 
0,09632110595703125 
0,10156631469726562 
0,14209747314453125 
0,209808349609375 
0,26416778564453125 
0,0743865966796875 
0,10585784912109375 
0,21791458129882812 
0,08296966552734375 
0,0934600830078125 
0,17118453979492188 
0,09441375732421875 
0,08273124694824219 
0,10395050048828125 
0,09703636169433594 
0,10347366333007812 
0,10848045349121094 
0,10061264038085938 
0,18906593322753906 
0,19693374633789062 
0,09083747863769531 
0,13685226440429688 
0,11754035949707031 
0,07486343383789062 
0,09512901306152344 
0,12421607971191406 
0,08654594421386719 
0,13208389282226562 
0,11348724365234375 
0,08106231689453125 
0,08916854858398438 
0,11920928955078125 
0,1068115234375 
0,07939338684082031 
0,06127357482910156 
0,07128715515136719 
0,06961822509765625 
0,08487701416015625 
0,15664100646972656 
2,3920536041259766 
0,06365776062011719 
0,1926422119140625 
0,07319450378417969 
0,05888938903808594 
0,06699562072753906 
0,08916854858398438 
0,0667572021484375 
0,07414817810058594 
0,07319450378417969 
0,06890296936035156 
0,06890296936035156 
0,1633167266845703 
0,17452239990234375 
0,07772445678710938 
0,07367134094238281 
0,08320808410644531 
0,11467933654785156 
0,10347366333007812 
0,12731552124023438 
0,07796287536621094 
0,07867813110351562 
0,29468536376953125 
0,17118453979492188 
0,12350082397460938 
0,2694129943847656 
0,09870529174804688 
0,07581710815429688 
0,110626220703125 
0,09226799011230469 
0,14352798461914062 
0,09799003601074219 
0,10776519775390625 
0,06532669067382812 
0,064849853515625 
0,07796287536621094 
0,06437301635742188 
0,08988380432128906 
0,07009506225585938 
0,091552734375 
0,09107589721679688 
0,09799003601074219 
0,13947486877441406 
0,11348724365234375 
0,07724761962890625 
0,08106231689453125 
0,06628036499023438 
0,06651878356933594 
0,19502639770507812 
0,06651878356933594 
0,09107589721679688 
0,09918212890625 
0,08749961853027344 
0,080108642578125 
0,11110305786132812 
0,11682510375976562 
0,09775161743164062 
0,21004676818847656 
0,08344650268554688 
1,0335445404052734 
0,11801719665527344 
0,10657310485839844 
0,07534027099609375 
0,5016326904296875 
0,1704692840576172 
0,08487701416015625 
0,2243518829345703 
0,08225440979003906 
0,11205673217773438 
0,1468658447265625 
0,1609325408935547 
0,1404285430908203 
0,09393692016601562 
0,06508827209472656 
0,06413459777832031 
0,07557868957519531 
0,07271766662597656 
0,09202957153320312 
0,07772445678710938 
0,08535385131835938 
0,08392333984375 
0,08797645568847656 
0,08916854858398438 
0,10514259338378906 
0,07295608520507812 
0,09822845458984375 
0,06365776062011719 
0,08821487426757812 
0,06818771362304688 
0,06270408630371094 
0,06699562072753906 
0,06747245788574219 
0,08535385131835938 
0,08916854858398438 
0,08225440979003906 
0,11944770812988281 
0,11849403381347656 
0,1277923583984375 
0,1671314239501953 
0,08249282836914062 
0,1976490020751953 
0,09965896606445312 
0,12540817260742188 
0,2090930938720703 
0,07486343383789062 
0,1285076141357422 
0,09655952453613281 
0,10251998901367188 
0,0762939453125 
0,08893013000488281 
0,09107589721679688 
0,09393692016601562 
0,3726482391357422 
0,06508827209472656 
0,091552734375 
0,08869171142578125 
0,09942054748535156 
0,13065338134765625 
0,0782012939453125 
0,08726119995117188 
0,06532669067382812 
0,21195411682128906 
0,15473365783691406 
0,06961822509765625 
0,06318092346191406 
0,08606910705566406 
0,07081031799316406 
0,07104873657226562 
0,06699562072753906 
0,1621246337890625 
0,08726119995117188 
0,12683868408203125 
0,09465217590332031 
0,11181831359863281 
0,10275840759277344 
0,07748603820800781 
0,07963180541992188 
0,0972747802734375 
0,0762939453125 
0,41365623474121094 
0,1266002655029297 
0,10251998901367188 
0,1049041748046875 
0,09226799011230469 
0,08988380432128906 
0,12350082397460938 
0,1201629638671875 
0,08916854858398438 
0,13136863708496094 
0,09608268737792969 
0,11420249938964844 
0,102996826171875 
0,09918212890625 
0,08559226989746094 
0,072479248046875 
0,08702278137207031 
0,09560585021972656 
0,06413459777832031 
0,12183189392089844 
0,06842613220214844 
0,07677078247070312 
0,07271766662597656 
0,06914138793945312 
0,07510185241699219 
0,08130073547363281 
0,08535385131835938 
0,10251998901367188 
0,07390975952148438 
0,06198883056640625 
0,06413459777832031 
0,06508827209472656 
0,0629425048828125 
0,10347366333007812 
0,07319450378417969 
0,09584426879882812 
0,07319450378417969 
0,07152557373046875 
0,09608268737792969 
0,072479248046875 
0,0782012939453125 
0,07176399230957031 
0,06890296936035156 
0,07271766662597656 
0,08559226989746094 
0,09608268737792969 
0,09655952453613281 
0,12922286987304688 
0,12326240539550781 
0,09870529174804688 
0,0743865966796875 
0,07581710815429688 
0,07891654968261719 
0,07414817810058594 
0,12731552124023438 
0,08249282836914062 
0,08845329284667969 
0,11205673217773438 
0,12755393981933594 
0,19502639770507812 
0,27561187744140625 
0,31065940856933594 
0,7486343383789062 
0,21576881408691406 
0,08225440979003906 
0,1571178436279297 
0,10395050048828125 
0,09036064147949219 
0,247955322265625 
0,15592575073242188 
0,12230873107910156 
0,3299713134765625 
0,12946128845214844 
0,1590251922607422 
0,12350082397460938 
0,13017654418945312 
0,12636184692382812 
0,2663135528564453 
0,15735626220703125 
0,12922286987304688 
0,35691261291503906 
0,10347366333007812 
0,12636184692382812 
0,2086162567138672 
0,1049041748046875 
0,45990943908691406 
0,1518726348876953 
0,09703636169433594 
0,09632110595703125 
0,09083747863769531 
0,12254714965820312 
0,09202957153320312 
0,07653236389160156 
0,07796287536621094 
0,08797645568847656 
0,07295608520507812 
0,0705718994140625 
0,07891654968261719 
0,06222724914550781 
0,06699562072753906 
0,06127357482910156 
0,08177757263183594 
0,06771087646484375 
0,10967254638671875 
0,09059906005859375 
0,06175041198730469 
0,09226799011230469 
0,06127357482910156 
0,0629425048828125 
0,06794929504394531 
0,09608268737792969 
0,08487701416015625 
0,17881393432617188 
0,3349781036376953 
0,2536773681640625 
0,28324127197265625 
0,10561943054199219 
0,08034706115722656 
0,095367431640625 
0,14162063598632812 
0,1850128173828125 
0,3325939178466797 
0,3266334533691406 
0,11348724365234375 
0,24652481079101562 
0,27179718017578125 
0,2658367156982422 
0,11181831359863281 
0,1819133758544922 
0,11181831359863281 
0,11444091796875 
0,11730194091796875 
0,10037422180175781 
0,06628036499023438 
0,07605552673339844 
0,1900196075439453 
0,10848045349121094 
0,095367431640625 
0,07677078247070312 
0,08511543273925781 
0,16069412231445312 
0,19502639770507812 
0,11992454528808594 
0,07367134094238281 
0,0762939453125 
0,09226799011230469 
0,0782012939453125 
0,08749961853027344 
0,07677078247070312 
0,08082389831542969 
0,12421607971191406 
0,12254714965820312 
0,12040138244628906 
0,1163482666015625 
0,12946128845214844 
0,12421607971191406 
0,12874603271484375 
0,11324882507324219 
0,10085105895996094 
0,09822845458984375 
0,15115737915039062 
0,2224445343017578 
0,10728836059570312 
0,10728836059570312 
0,13828277587890625 
0,08821487426757812 
0,125885009765625 
0,0782012939453125 
0,14972686767578125 
0,16880035400390625 
0,08344650268554688 
0,09775161743164062 
0,17142295837402344 
0,06794929504394531 
0,13399124145507812 
0,09584426879882812 
0,072479248046875 
0,06389617919921875 
0,06461143493652344 
0,08153915405273438 
0,10442733764648438 
0,06389617919921875 
0,07224082946777344 
0,07891654968261719 
0,08606910705566406 
0,08273124694824219 
0,06198883056640625 
0,06222724914550781 
0,061511993408203125 
0,06413459777832031 
0,06461143493652344 
0,06723403930664062 
0,06914138793945312 
0,08630752563476562 
0,0705718994140625 
0,18024444580078125 
0,09083747863769531 
0,09775161743164062 
0,07081031799316406 
0,11134147644042969 
0,08296966552734375 
0,07009506225585938 
0,08916854858398438 
0,07176399230957031 
0,11849403381347656 
0,3159046173095703 
0,09441375732421875 
0,11467933654785156 
0,09226799011230469 
0,10704994201660156 
0,07963180541992188 
0,09036064147949219 
0,09489059448242188 
0,10061264038085938 
0,35643577575683594 
0,087738037109375 
0,08749961853027344 
0,1163482666015625 
0,32329559326171875 
0,102996826171875 
0,08296966552734375 
0,09322166442871094 
0,08440017700195312 
0,1659393310546875 
0,1575946807861328 
0,07843971252441406 
0,5602836608886719 
0,07224082946777344 
0,09965896606445312 
0,08058547973632812 
0,06890296936035156 
0,07390975952148438 
0,06699562072753906 
0,08177757263183594 
0,1976490020751953 
0,07224082946777344 
0,09512901306152344 
0,07033348083496094 
0,07200241088867188 
0,08535385131835938 
0,08630752563476562 
0,08606910705566406 
0,07224082946777344 
0,07843971252441406 
0,12373924255371094 
0,0705718994140625 
0,07224082946777344 
0,07343292236328125 
0,10585784912109375 
0,07915496826171875 
0,13136863708496094 
0,07677078247070312 
0,09036064147949219 
0,0667572021484375 
0,08225440979003906 
0,09322166442871094 
0,12445449829101562 
0,09632110595703125 
0,08749961853027344 
0,07081031799316406 
0,07677078247070312 
0,06318092346191406 
0,07390975952148438 
0,06628036499023438 
0,06365776062011719 
0,06580352783203125 
0,10061264038085938 
0,06318092346191406 
0,09918212890625 
0,06175041198730469 
0,072479248046875 
0,07796287536621094 
0,06461143493652344 
0,07748603820800781 
0,10800361633300781 
0,09918212890625 
0,07081031799316406 
0,06985664367675781 
0,06961822509765625 
0,08916854858398438 
0,07224082946777344 
0,07557868957519531 
0,08702278137207031 
0,06961822509765625 
0,06866455078125 
0,0972747802734375 
0,07319450378417969 
0,1380443572998047 
0,06699562072753906 
0,06794929504394531 
0,0667572021484375 
0,09679794311523438 
0,06818771362304688 
0,1556873321533203 
0,3409385681152344 
0,08893013000488281 
0,10967254638671875 
0,06365776062011719 
0,09679794311523438 
0,06985664367675781 
0,31113624572753906 
0,08153915405273438 
0,11992454528808594 
0,07152557373046875 
0,07152557373046875 
0,0705718994140625 
0,06604194641113281 
0,11920928955078125 
0,1614093780517578 
0,11324882507324219 
0,09059906005859375 
0,08654594421386719 
0,0629425048828125 
0,07414817810058594 
0,08845329284667969 
0,08463859558105469 
0,07677078247070312 
0,14901161193847656 
0,09679794311523438 
0,09036064147949219 
0,10704994201660156 
0,07367134094238281 
0,10275840759277344 
0,09393692016601562 
0,09894371032714844 
0,07081031799316406 
0,06818771362304688 
0,080108642578125 
0,07343292236328125 
0,06818771362304688 
0,087738037109375 
0,16570091247558594 
0,09274482727050781 
0,06175041198730469 
0,08630752563476562 
0,06580352783203125 
0,06079673767089844 
0,09393692016601562 
0,09846687316894531 
0,09274482727050781 
0,095367431640625 
0,06771087646484375 
0,08893013000488281 
0,08440017700195312 
0,09584426879882812 
0,07462501525878906 
0,0667572021484375 
0,07224082946777344 
0,16427040100097656 
0,16355514526367188 
0,11038780212402344 
0,12230873107910156 
0,08416175842285156 
0,217437744140625 
0,12230873107910156 
0,0820159912109375 
0,09989738464355469 
0,09655952453613281 
0,07677078247070312 
0,1049041748046875 
0,2193450927734375 
0,07653236389160156 
0,1842975616455078 
0,10061264038085938 
0,09393692016601562 
0,08153915405273438 
0,09107589721679688 
0,10061264038085938 
0,23508071899414062 
0,11301040649414062 
0,11610984802246094 
0,08177757263183594 
0,07891654968261719 
0,06127357482910156 
0,061511993408203125 
0,06794929504394531 
0,08749961853027344 
0,06198883056640625 
0,061511993408203125 
0,10418891906738281 
0,061511993408203125 
0,06270408630371094 
0,06175041198730469 
0,06103515625 
0,087738037109375 
0,087738037109375 
0,23651123046875 
0,08273124694824219 
0,10848045349121094 
0,24652481079101562 
0,09465217590332031 
0,0667572021484375 
0,07152557373046875 
0,37026405334472656 
0,3371238708496094 
0,3483295440673828 
0,13875961303710938 
0,11968612670898438 
0,091552734375 
0,09322166442871094 
0,12612342834472656 
0,08130073547363281 
0,11587142944335938 
0,19097328186035156 
0,08749961853027344 
0,07152557373046875 
0,09131431579589844 
0,12946128845214844 
0,14734268188476562 
0,09512901306152344 
0,1437664031982422 
0,08320808410644531 
0,07414817810058594 
0,06341934204101562 
0,06175041198730469 
0,07033348083496094 
0,148773193359375 
0,23102760314941406 
0,06818771362304688 
0,06222724914550781 
0,10347366333007812 
0,06198883056640625 
0,0629425048828125 
0,060558319091796875 
0,061511993408203125 
0,060558319091796875 
0,06222724914550781 
0,06270408630371094 
0,06270408630371094 
0,08130073547363281 
0,09703636169433594 
0,091552734375 
0,08249282836914062 
0,12922286987304688 
0,11277198791503906 
0,0782012939453125 
0,0743865966796875 
0,09989738464355469 
0,11324882507324219 
0,07772445678710938 
0,1544952392578125 
0,11277198791503906 
0,12755393981933594 
0,09608268737792969 
0,09822845458984375 
0,10204315185546875 
0,11706352233886719 
0,0934600830078125 
0,10752677917480469 
0,07033348083496094 
0,06890296936035156 
0,07534027099609375 
0,07891654968261719 
0,06389617919921875 
0,07295608520507812 
0,08559226989746094 
0,062465667724609375 
0,06461143493652344 
0,06771087646484375 
0,09846687316894531 
0,06365776062011719 
0,06222724914550781 
0,06008148193359375 
0,0667572021484375 
0,06175041198730469 
0,06699562072753906 
0,09846687316894531 
0,06198883056640625 
0,09393692016601562 
0,0629425048828125 
0,0629425048828125 
0,06628036499023438 
0,1876354217529297 
0,32711029052734375 
0,09775161743164062 
0,22339820861816406 
0,06961822509765625 
0,07700920104980469 
0,32138824462890625 
0,28514862060546875 
0,3764629364013672 
0,354766845703125 
0,07605552673339844 
0,1285076141357422 
0,06794929504394531 
0,08940696716308594 
0,06604194641113281 
0,07462501525878906 
0,11134147644042969 
0,08940696716308594 
0,080108642578125 
0,22101402282714844 
0,10323524475097656 
0,14472007751464844 
0,09465217590332031 
0,095367431640625 
0,15592575073242188 
0,08130073547363281 
0,1895427703857422 
0,080108642578125 
0,07367134094238281 
0,06604194641113281 
0,07605552673339844 
0,080108642578125 
0,06914138793945312 
0,06914138793945312 
0,06508827209472656 
0,07772445678710938 
0,0667572021484375 
0,07772445678710938 
0,06437301635742188 
0,06222724914550781 
0,17976760864257812 
0,08940696716308594 
0,07700920104980469 
0,07843971252441406 
0,09512901306152344 
0,07748603820800781 
0,12302398681640625 
0,09489059448242188 
0,07677078247070312 
0,09560585021972656 
0,08153915405273438 
0,10728836059570312 
0,09369850158691406 
0,07510185241699219 
0,186920166015625 
0,08606910705566406 
0,1690387725830078 
0,09608268737792969 
0,09822845458984375 
0,06985664367675781 
0,08344650268554688 
0,07128715515136719 
0,06389617919921875 
0,06031990051269531 
0,07653236389160156 
0,0762939453125 
0,062465667724609375 
0,06818771362304688 
0,06628036499023438 
0,07605552673339844 
0,07009506225585938 
0,08416175842285156 
0,061511993408203125 
0,0762939453125 
0,059604644775390625 
0,0896453857421875 
0,06318092346191406 
0,06103515625 
0,0591278076171875 
0,08702278137207031 
0,08487701416015625 
0,12278556823730469 
0,08797645568847656 
0,08749961853027344 
0,07009506225585938 
0,0667572021484375 
0,09751319885253906 
0,0762939453125 
0,07033348083496094 
0,0705718994140625 
0,09083747863769531 
0,09083747863769531 
0,06985664367675781 
0,10156631469726562 
0,12135505676269531 
0,1366138458251953 
0,072479248046875 
0,26798248291015625 
0,08177757263183594 
0,19097328186035156 
0,16951560974121094 
0,18787384033203125 
0,2269744873046875 
0,15282630920410156 
0,38313865661621094 
0,08511543273925781 
0,2777576446533203 
0,06818771362304688 
0,06437301635742188 
0,0667572021484375 
0,347137451171875 
0,064849853515625 
0,08249282836914062 
0,1456737518310547 
0,17404556274414062 
0,19240379333496094 
0,08797645568847656 
0,08606910705566406 
0,08559226989746094 
0,06437301635742188 
0,07724761962890625 
0,0782012939453125 
0,09202957153320312 
0,1418590545654297 
0,07939338684082031 
0,07104873657226562 
0,0705718994140625 
0,11205673217773438 
0,07200241088867188 
0,14472007751464844 
0,07128715515136719 
0,07200241088867188 
0,0762939453125 
0,09870529174804688 
0,07581710815429688 
0,07009506225585938 
0,06699562072753906 
0,0743865966796875 
0,07200241088867188 
0,09512901306152344 
0,06318092346191406 
0,06365776062011719 
0,09655952453613281 
0,07987022399902344 
0,06413459777832031 
0,0629425048828125 
0,09036064147949219 
0,0782012939453125 
0,0972747802734375 
0,07653236389160156 
0,06771087646484375 
0,110626220703125 
0,20384788513183594 
0,1666545867919922 
0,1220703125 
0,07343292236328125 
0,11587142944335938 
0,06461143493652344 
0,08845329284667969 
0,0820159912109375 
0,07843971252441406 
0,09703636169433594 
0,080108642578125 
0,10395050048828125 
0,07510185241699219 
0,07510185241699219 
0,09322166442871094 
0,10085105895996094 
0,07486343383789062 
0,0896453857421875 
0,09298324584960938 
0,09393692016601562 
0,19431114196777344 
0,16832351684570312 
0,09322166442871094 
0,07104873657226562 
0,08797645568847656 
0,06914138793945312 
0,06699562072753906 
0,06866455078125 
0,06437301635742188 
0,07033348083496094 
0,08344650268554688 
0,06008148193359375 
0,0667572021484375 
0,06413459777832031 
0,06222724914550781 
0,07748603820800781 
0,06580352783203125 
0,1971721649169922 
0,08344650268554688 
0,06628036499023438 
0,45037269592285156 
0,11992454528808594 
0,24437904357910156 
0,2760887145996094 
0,1437664031982422 
0,1285076141357422 
0,13399124145507812 
0,12540817260742188 
0,2129077911376953 
0,14853477478027344 
0,07939338684082031 
0,09250640869140625 
0,07081031799316406 
0,07343292236328125 
0,1678466796875 
0,08368492126464844 
0,10728836059570312 
0,08821487426757812 
0,11205673217773438 
0,07915496826171875 
0,07271766662597656 
0,0705718994140625 
0,09870529174804688 
0,11444091796875 
0,07843971252441406 
0,07462501525878906 
0,10848045349121094 
0,07915496826171875 
0,06794929504394531 
0,10967254638671875 
0,1220703125 
0,0705718994140625 
0,07677078247070312 
0,10538101196289062 
0,10013580322265625 
0,1666545867919922 
0,07748603820800781 
0,16021728515625 
0,1366138458251953 
0,07605552673339844 
0,09799003601074219 
0,1423358917236328 
0,06985664367675781 
0,07605552673339844 
0,0705718994140625 
0,06842613220214844 
0,05984306335449219 
0,062465667724609375 
0,06985664367675781 
0,06914138793945312 
0,0705718994140625 
0,10061264038085938 
0,1010894775390625 
0,08511543273925781 
0,06985664367675781 
0,08487701416015625 
0,10371208190917969 
0,07081031799316406 
0,08440017700195312 
0,09131431579589844 
0,07772445678710938 
0,07557868957519531 
0,0972747802734375 
0,11229515075683594 
0,07128715515136719 
0,07081031799316406 
0,07200241088867188 
0,07605552673339844 
0,08273124694824219 
0,13399124145507812 
0,11420249938964844 
0,09036064147949219 
0,11849403381347656 
0,07939338684082031 
0,08821487426757812 
0,19311904907226562 
0,08893013000488281 
0,09322166442871094 
0,0896453857421875 
0,08702278137207031 
0,11324882507324219 
0,08082389831542969 
0,06270408630371094 
0,06937980651855469 
0,060558319091796875 
0,15282630920410156 
0,07891654968261719 
0,15926361083984375 
0,08368492126464844 
0,18787384033203125 
0,07677078247070312 
0,07557868957519531 
0,10085105895996094 
0,2040863037109375 
0,0858306884765625 
0,12350082397460938 
0,15687942504882812 
0,17142295837402344 
0,07772445678710938 
0,07963180541992188 
0,11467933654785156 
0,08130073547363281 
0,07033348083496094 
0,06890296936035156 
0,07557868957519531 
0,07891654968261719 
0,06914138793945312 
0,06747245788574219 
0,06270408630371094 
0,09012222290039062 
0,13446807861328125 
0,09489059448242188 
0,080108642578125 
0,10013580322265625 
0,12373924255371094 
0,09226799011230469 
0,06794929504394531 
0,10085105895996094 
0,07295608520507812 
0,11873245239257812 
0,06556510925292969 
0,07104873657226562 
0,07510185241699219 
0,07915496826171875 
0,07462501525878906 
0,12040138244628906 
0,1697540283203125 
0,08392333984375 
0,13566017150878906 
0,2582073211669922 
0,08177757263183594 
0,06747245788574219 
0,080108642578125 
0,06365776062011719 
0,061511993408203125 
0,0667572021484375 
0,07128715515136719 
0,06198883056640625 
0,06103515625 
0,061511993408203125 
0,06198883056640625 
0,06318092346191406 
0,06937980651855469 
0,059604644775390625 
0,06794929504394531 
0,08058547973632812 
0,07510185241699219 
0,06127357482910156 
0,05888938903808594 
0,057220458984375 
0,05936622619628906 
0,06008148193359375 
0,09417533874511719 
0,06747245788574219 
0,10466575622558594 
0,09894371032714844 
0,06461143493652344 
0,06604194641113281 
0,08940696716308594 
0,09131431579589844 
0,255584716796875 
0,16021728515625 
0,14328956604003906 
0,09179115295410156 
0,06914138793945312 
0,06985664367675781 
0,07581710815429688 
0,06127357482910156 
0,1385211944580078 
0,0762939453125 
0,06818771362304688 
0,08702278137207031 
0,0743865966796875 
0,06866455078125 
0,07200241088867188 
0,1437664031982422 
0,07033348083496094 
0,19478797912597656 
0,08916854858398438 
0,09417533874511719 
0,09131431579589844 
0,07891654968261719 
0,07605552673339844 
0,18477439880371094 
0,07700920104980469 
0,09417533874511719 
0,13947486877441406 
0,07510185241699219 
0,07486343383789062 
0,080108642578125 
0,06651878356933594 
0,07843971252441406 
0,0667572021484375 
0,07772445678710938 
0,08296966552734375 
0,08869171142578125 
0,1728534698486328 
0,08034706115722656 
0,06556510925292969 
0,08893013000488281 
0,08606910705566406 
0,0705718994140625 
0,10085105895996094 
0,11134147644042969 
0,11801719665527344 
0,08678436279296875 
0,10251998901367188 
0,06961822509765625 
0,07009506225585938 
0,14925003051757812 
0,07748603820800781 
0,08535385131835938 
0,0705718994140625 
0,064849853515625 
0,07104873657226562 
0,07796287536621094 
0,40268898010253906 
0,15401840209960938 
0,08082389831542969 
0,09417533874511719 
0,07009506225585938 
0,08559226989746094 
0,06771087646484375 
0,07605552673339844 
0,08749961853027344 
0,06413459777832031 
0,09822845458984375 
0,0782012939453125 
0,16760826110839844 
0,07367134094238281 
0,08678436279296875 
0,0782012939453125 
0,09322166442871094 
0,14781951904296875 
0,18548965454101562 
0,07557868957519531 
0,07915496826171875 
0,07843971252441406 
0,09965896606445312 
0,07295608520507812 
0,072479248046875 
0,10991096496582031 
0,10800361633300781 
0,10371208190917969 
0,07677078247070312 
0,10418891906738281 
0,09274482727050781 
0,08082389831542969 
0,0705718994140625 
0,16069412231445312 
0,07963180541992188 
0,06937980651855469 
0,09369850158691406 
0,11968612670898438 
0,08440017700195312 
0,09965896606445312 
0,07414817810058594 
0,13685226440429688 
0,06937980651855469 
0,14138221740722656 
0,06890296936035156 
0,07295608520507812 
0,10752677917480469 
0,16307830810546875 
0,07104873657226562 
0,07367134094238281 
0,12445449829101562 
0,09274482727050781 
0,08749961853027344 
0,09799003601074219 
0,0705718994140625 
0,091552734375 
0,10347366333007812 
0,08726119995117188 
0,07224082946777344 
0,08630752563476562 
0,09131431579589844 
0,08130073547363281 
0,13709068298339844 
0,10132789611816406 
0,1666545867919922 
0,18835067749023438 
0,3075599670410156 
0,07796287536621094 
0,09870529174804688 
0,07009506225585938 
0,08630752563476562 
0,07081031799316406 
0,19311904907226562 
0,11467933654785156 
0,06842613220214844 
0,07462501525878906 
0,1862049102783203 
0,18167495727539062 
0,14591217041015625 
0,08845329284667969 
0,12803077697753906 
0,0858306884765625 
0,07319450378417969 
0,06628036499023438 
0,06389617919921875 
0,06556510925292969 
0,0667572021484375 
0,179290771484375 
0,1857280731201172 
0,11134147644042969 
0,0896453857421875 
0,09679794311523438 
0,11396408081054688 
0,1308917999267578 
0,12159347534179688 
0,0820159912109375 
0,13637542724609375 
0,08273124694824219 
0,09584426879882812 
0,07224082946777344 
0,10275840759277344 
0,072479248046875 
0,07224082946777344 
0,07200241088867188 
0,08320808410644531 
0,07009506225585938 
0,07224082946777344 
0,0896453857421875 
0,07939338684082031 
0,07081031799316406 
0,07271766662597656 
0,06556510925292969 
0,06341934204101562 
0,07843971252441406 
0,06842613220214844 
0,061511993408203125 
0,06222724914550781 
0,060558319091796875 
0,07915496826171875 
0,06318092346191406 
0,0629425048828125 
0,09441375732421875 
0,08130073547363281 
0,06937980651855469 
0,06866455078125 
0,07510185241699219 
0,1685619354248047 
0,09465217590332031 
0,07033348083496094 
0,072479248046875 
0,06794929504394531 
0,07343292236328125 
0,09799003601074219 
0,09655952453613281 
0,080108642578125 
0,07104873657226562 
0,07200241088867188 
0,09632110595703125 
0,17786026000976562 
0,18787384033203125 
0,08130073547363281 
0,10538101196289062 
0,07224082946777344 
0,09417533874511719 
0,07104873657226562 
0,07176399230957031 
0,08130073547363281 
0,06890296936035156 
0,232696533203125 
0,07581710815429688 
0,17905235290527344 
0,06914138793945312 
0,0934600830078125 
0,08487701416015625 
0,08034706115722656 
0,25582313537597656 
0,08058547973632812 
0,2911090850830078 
0,06937980651855469 
0,20503997802734375 
0,36025047302246094 
0,07939338684082031 
0,07915496826171875 
0,09107589721679688 
0,09703636169433594 
0,10347366333007812 
0,10776519775390625 
0,08678436279296875 
0,09489059448242188 
0,09417533874511719 
0,07653236389160156 
0,08845329284667969 
0,23984909057617188 
0,24247169494628906 
0,2617835998535156 
0,1068115234375 
0,09274482727050781 
0,08392333984375 
0,09751319885253906 
0,08630752563476562 
0,07987022399902344 
0,08726119995117188 
0,07605552673339844 
0,10752677917480469 
0,07557868957519531 
0,07915496826171875 
0,0782012939453125 
0,08630752563476562 
0,13637542724609375 
0,07605552673339844 
0,09942054748535156 
0,06699562072753906 
0,07152557373046875 
0,06604194641113281 
0,07081031799316406 
0,06842613220214844 
0,07414817810058594 
0,06651878356933594 
0,064849853515625 
0,0934600830078125 
0,07605552673339844 
0,10395050048828125 
0,10895729064941406 
0,07200241088867188 
0,07677078247070312 
0,0743865966796875 
0,17952919006347656 
0,1590251922607422 
0,12636184692382812 
0,07009506225585938 
0,1533031463623047 
0,08940696716308594 
0,0782012939453125 
0,07319450378417969 
0,17118453979492188 
0,0858306884765625 
0,0896453857421875 
0,09083747863769531 
0,14853477478027344 
0,10180473327636719 
0,06914138793945312 
0,09179115295410156 
0,08797645568847656 
0,07319450378417969 
0,091552734375 
0,15091896057128906 
0,21147727966308594 
0,07224082946777344 
0,15807151794433594 
0,10967254638671875 
0,08893013000488281 
0,10633468627929688 
0,24271011352539062 
0,08702278137207031 
0,1862049102783203 
0,08225440979003906 
0,11038780212402344 
0,08606910705566406 
0,08106231689453125 
0,08106231689453125 
0,179290771484375 
0,11801719665527344 
0,14281272888183594 
0,07891654968261719 
0,11992454528808594 
0,20503997802734375 
0,18262863159179688 
0,08678436279296875 
0,06914138793945312 
0,07677078247070312 
0,10347366333007812 
0,10156631469726562 
0,09107589721679688 
0,20885467529296875 
0,1819133758544922 
0,11515617370605469 
0,17714500427246094 
0,15115737915039062 
0,20503997802734375 
0,21195411682128906 
0,08392333984375 
0,3902912139892578 
0,1838207244873047 
0,13303756713867188 
0,0858306884765625 
0,12326240539550781 
0,08702278137207031 
0,08916854858398438 
0,11920928955078125 
0,08845329284667969 
0,095367431640625 
0,06818771362304688 
0,06103515625 
0,0762939453125 
0,06747245788574219 
0,07700920104980469 
0,06222724914550781 
0,07534027099609375 
0,06413459777832031 
0,10323524475097656 
0,06103515625 
0,06127357482910156 
0,0782012939453125 
0,07605552673339844 
0,07843971252441406 
0,06198883056640625 
0,06628036499023438 
0,07796287536621094 
0,06079673767089844 
0,06437301635742188 
0,06818771362304688 
0,1423358917236328 
0,08749961853027344 
0,07128715515136719 
0,0820159912109375 
0,07963180541992188 
0,07152557373046875 
0,07748603820800781 
0,12993812561035156 
0,09846687316894531 
0,11897087097167969 
0,08273124694824219 
0,1652240753173828 
0,362396240234375 
0,10037422180175781 
0,09441375732421875 
0,14495849609375 
0,12493133544921875 
0,14328956604003906 
0,09036064147949219 
0,09775161743164062 
0,08654594421386719 
0,08153915405273438 
0,09250640869140625 
0,06437301635742188 
0,06651878356933594 
0,0972747802734375 
0,07367134094238281 
0,10418891906738281 
0,08177757263183594 
0,2853870391845703 
0,07748603820800781 
0,0667572021484375 
0,10323524475097656 
0,06866455078125 
0,06961822509765625 
0,0400543212890625 
0,11110305786132812 
0,07987022399902344 
0,08106231689453125 
0,39076805114746094 
0,17070770263671875 
0,0782012939453125 
0,09298324584960938 
0,10061264038085938 
0,1087188720703125 
0,11563301086425781 
0,11229515075683594 
0,07557868957519531 
0,0972747802734375 
0,08702278137207031 
0,09751319885253906 
0,23436546325683594 
0,20956993103027344 
0,16498565673828125 
0,1285076141357422 
0,09298324584960938 
0,10037422180175781 
0,0705718994140625 
0,10061264038085938 
0,10085105895996094 
0,07104873657226562 
0,07009506225585938 
0,07534027099609375 
0,06318092346191406 
0,07200241088867188 
0,06222724914550781 
0,07915496826171875 
0,06437301635742188 
0,06389617919921875 
0,11301040649414062 
0,06127357482910156 
0,07343292236328125 
0,06103515625 
0,06461143493652344 
0,06198883056640625 
0,06437301635742188 
0,07963180541992188 
0,07486343383789062 
0,0667572021484375 
0,07796287536621094 
0,06771087646484375 
0,08988380432128906 
0,07677078247070312 
0,10585784912109375 
0,10991096496582031 
0,08416175842285156 
0,10323524475097656 
0,08678436279296875 
0,07796287536621094 
0,08225440979003906 
0,13685226440429688 
0,10824203491210938 
0,07796287536621094 
0,08463859558105469 
0,1690387725830078 
0,2384185791015625 
0,09250640869140625 
0,1678466796875 
0,07176399230957031 
0,06628036499023438 
0,08630752563476562 
0,08893013000488281 
0,07486343383789062 
0,06198883056640625 
0,0629425048828125 
0,09465217590332031 
0,06270408630371094 
0,06580352783203125 
0,0934600830078125 
0,2856254577636719 
0,1220703125 
0,15735626220703125 
0,15854835510253906 
0,32138824462890625 
0,07414817810058594 
0,06699562072753906 
0,11277198791503906 
0,06318092346191406 
0,15163421630859375 
0,1308917999267578 
0,09655952453613281 
0,22411346435546875 
0,2300739288330078 
0,1685619354248047 
0,09179115295410156 
0,1220703125 
0,12755393981933594 
0,08511543273925781 
0,10037422180175781 
0,0972747802734375 
0,27489662170410156 
0,14448165893554688 
0,24437904357910156 
0,09179115295410156 
0,16951560974121094 
0,07557868957519531 
0,1404285430908203 
0,13875961303710938 
0,07390975952148438 
0,2028942108154297 
0,16021728515625 
0,08797645568847656 
0,07939338684082031 
0,07033348083496094 
0,06580352783203125 
0,06413459777832031 
0,06842613220214844 
0,10251998901367188 
0,07748603820800781 
0,06985664367675781 
0,06628036499023438 
0,07200241088867188 
0,08153915405273438 
0,11491775512695312 
0,06389617919921875 
0,06628036499023438 
0,06198883056640625 
0,062465667724609375 
0,06175041198730469 
0,08654594421386719 
0,08296966552734375 
0,07081031799316406 
0,06985664367675781 
0,09202957153320312 
0,06914138793945312 
0,09250640869140625 
0,10204315185546875 
0,07677078247070312 
0,10991096496582031 
0,08511543273925781 
0,07557868957519531 
0,091552734375 
0,08392333984375 
0,10347366333007812 
0,27370452880859375 
0,133514404296875 
0,08416175842285156 
0,09012222290039062 
0,10085105895996094 
0,10561943054199219 
0,07176399230957031 
0,06961822509765625 
0,10085105895996094 
0,06651878356933594 
0,06985664367675781 
0,06866455078125 
0,06198883056640625 
0,06508827209472656 
0,06604194641113281 
0,08034706115722656 
0,06842613220214844 
0,07867813110351562 
0,07176399230957031 
0,06818771362304688 
0,07033348083496094 
0,10180473327636719 
0,06866455078125 
0,06461143493652344 
0,10061264038085938 
0,0896453857421875 
0,09059906005859375 
0,5216598510742188 
0,09322166442871094 
0,07510185241699219 
0,1842975616455078 
0,11515617370605469 
0,1220703125 
0,11587142944335938 
0,07081031799316406 
0,09918212890625 
0,10943412780761719 
0,11849403381347656 
0,1068115234375 
0,09989738464355469 
0,7200241088867188 
0,354766845703125 
0,4718303680419922 
0,09036064147949219 
0,09894371032714844 
0,12111663818359375 
0,11920928955078125 
0,06580352783203125 
0,08106231689453125 
0,08440017700195312 
0,07343292236328125 
0,06842613220214844 
0,07843971252441406 
0,07891654968261719 
0,08058547973632812 
0,07009506225585938 
0,10204315185546875 
0,07843971252441406 
0,08726119995117188 
0,07677078247070312 
0,06341934204101562 
0,0762939453125 
0,10132789611816406 
0,064849853515625 
0,06961822509765625 
0,07796287536621094 
0,07295608520507812 
0,10561943054199219 
0,06866455078125 
0,080108642578125 
0,08320808410644531 
0,0667572021484375 
0,06771087646484375 
0,08463859558105469 
0,07033348083496094 
0,11682510375976562 
0,17833709716796875 
0,1125335693359375 
0,09965896606445312 
0,07033348083496094 
0,08702278137207031 
0,06914138793945312 
0,06699562072753906 
0,06127357482910156 
0,06008148193359375 
0,14138221740722656 
0,11157989501953125 
0,07534027099609375 
0,08606910705566406 
0,08559226989746094 
0,0705718994140625 
0,06914138793945312 
0,08463859558105469 
0,06699562072753906 
0,07653236389160156 
0,07200241088867188 
0,07081031799316406 
0,06914138793945312 
0,06771087646484375 
0,06985664367675781 
0,11610984802246094 
0,0667572021484375 
0,06794929504394531 
0,072479248046875 
0,06842613220214844 
0,06079673767089844 
0,07557868957519531 
0,11372566223144531 
0,11134147644042969 
0,18453598022460938 
0,10943412780761719 
0,2505779266357422 
0,06461143493652344 
0,06556510925292969 
0,06818771362304688 
0,1678466796875 
0,3514289855957031 
0,2338886260986328 
0,24747848510742188 
0,08678436279296875 
0,156402587890625 
0,12159347534179688 
0,1575946807861328 
0,06556510925292969 
0,06508827209472656 
0,1475811004638672 
0,1881122589111328 
0,06842613220214844 
0,09679794311523438 
0,095367431640625 
0,08845329284667969 
0,062465667724609375 
0,09942054748535156 
0,10991096496582031 
0,10657310485839844 
0,06628036499023438 
0,06079673767089844 
0,06270408630371094 
0,06222724914550781 
0,05936622619628906 
0,06127357482910156 
0,07390975952148438 
0,07677078247070312 
0,06318092346191406 
0,06794929504394531 
0,133514404296875 
0,09226799011230469 
0,06961822509765625 
0,07510185241699219 
0,13303756713867188 
0,10037422180175781 
0,09417533874511719 
0,156402587890625 
0,08940696716308594 
0,15974044799804688 
0,21576881408691406 
0,07700920104980469 
0,1423358917236328 
0,11205673217773438 
0,11968612670898438 
0,08654594421386719 
0,14638900756835938 
0,08869171142578125 
0,09417533874511719 
0,095367431640625 
0,2799034118652344 
0,3173351287841797 
0,08273124694824219 
0,06866455078125 
0,1678466796875 
0,08535385131835938 
0,278472900390625 
0,07224082946777344 
0,07390975952148438 
0,06437301635742188 
0,06437301635742188 
0,06556510925292969 
0,08082389831542969 
0,06461143493652344 
0,07295608520507812 
0,08940696716308594 
0,10180473327636719 
0,06437301635742188 
0,061511993408203125 
0,06175041198730469 
0,06961822509765625 
0,07128715515136719 
0,06914138793945312 
0,08368492126464844 
0,09226799011230469 
0,07891654968261719 
0,12111663818359375 
0,09918212890625 
0,07009506225585938 
0,06985664367675781 
0,06985664367675781 
0,07843971252441406 
0,06985664367675781 
0,09131431579589844 
0,08130073547363281 
0,07796287536621094 
0,07772445678710938 
0,15234947204589844 
0,0858306884765625 
0,1621246337890625 
0,21719932556152344 
0,0782012939453125 
0,10061264038085938 
0,08082389831542969 
0,10323524475097656 
0,30303001403808594 
0,2639293670654297 
0,15544891357421875 
0,16736984252929688 
0,0896453857421875 
0,1316070556640625 
0,08797645568847656 
0,3349781036376953 
0,07176399230957031 
0,07081031799316406 
0,07152557373046875 
0,16498565673828125 
0,10371208190917969 
0,08082389831542969 
0,06937980651855469 
0,07915496826171875 
0,07343292236328125 
0,07200241088867188 
0,06937980651855469 
0,07796287536621094 
0,07367134094238281 
0,07295608520507812 
0,07009506225585938 
0,08106231689453125 
0,07200241088867188 
0,07319450378417969 
0,07939338684082031 
0,09489059448242188 
0,10633468627929688 
0,07939338684082031 
0,08940696716308594 
0,11801719665527344 
0,11014938354492188 
0,10704994201660156 
0,08392333984375 
0,07891654968261719 
0,19240379333496094 
0,13184547424316406 
0,14090538024902344 
0,15974044799804688 
0,08153915405273438 
0,07987022399902344 
0,10967254638671875 
0,06985664367675781 
0,06222724914550781 
0,07963180541992188 
0,06842613220214844 
0,07843971252441406 
0,06031990051269531 
0,07081031799316406 
0,07748603820800781 
0,07295608520507812 
0,07009506225585938 
0,07510185241699219 
0,064849853515625 
0,08106231689453125 
0,09298324584960938 
0,07867813110351562 
0,09179115295410156 
0,07009506225585938 
0,09775161743164062 
0,1533031463623047 
0,07176399230957031 
0,09083747863769531 
0,44345855712890625 
0,08034706115722656 
0,09822845458984375 
0,08559226989746094 
0,15282630920410156 
0,18215179443359375 
0,16570091247558594 
0,08130073547363281 
0,09584426879882812 
0,118255615234375 
0,17213821411132812 
0,0705718994140625 
0,3674030303955078 
0,1609325408935547 
0,09226799011230469 
0,14472007751464844 
0,21004676818847656 
0,08225440979003906 
0,38552284240722656 
0,14472007751464844 
0,07772445678710938 
0,08630752563476562 
0,0743865966796875 
0,08511543273925781 
0,06747245788574219 
0,10037422180175781 
0,07390975952148438 
0,2033710479736328 
0,09775161743164062 
0,08654594421386719 
0,08296966552734375 
0,06389617919921875 
0,06651878356933594 
0,12183189392089844 
0,06365776062011719 
0,06461143493652344 
0,06318092346191406 
0,07891654968261719 
0,07867813110351562 
0,0858306884765625 
0,07271766662597656 
0,12135505676269531 
0,09679794311523438 
0,08463859558105469 
0,06556510925292969 
0,09393692016601562 
0,08487701416015625 
0,10013580322265625 
0,10800361633300781 
0,10967254638671875 
0,09942054748535156 
0,095367431640625 
0,09751319885253906 
0,11086463928222656 
0,12040138244628906 
0,0972747802734375 
0,12540817260742188 
0,09942054748535156 
0,1628398895263672 
0,10967254638671875 
0,10371208190917969 
0,13113021850585938 
0,10132789611816406 
0,07987022399902344 
0,10061264038085938 
0,08654594421386719 
0,07867813110351562 
0,10776519775390625 
0,10824203491210938 
0,08893013000488281 
0,06556510925292969 
0,060558319091796875 
0,06270408630371094 
0,07653236389160156 
0,06079673767089844 
0,06222724914550781 
0,07772445678710938 
0,06222724914550781 
0,06318092346191406 
0,0629425048828125 
0,06175041198730469 
0,07963180541992188 
0,11181831359863281 
0,09489059448242188 
0,08153915405273438 
0,24819374084472656 
0,43773651123046875 
0,32901763916015625 
0,09393692016601562 
0,07557868957519531 
0,08821487426757812 
0,3314018249511719 
0,4067420959472656 
0,28586387634277344 
0,11682510375976562 
0,2770423889160156 
0,08726119995117188 
0,12254714965820312 
0,12469291687011719 
0,0972747802734375 
0,21219253540039062 
0,2357959747314453 
0,15282630920410156 
0,11658668518066406 
0,1270771026611328 
0,1087188720703125 
0,1652240753173828 
0,08273124694824219 
0,08511543273925781 
0,08273124694824219 
0,07677078247070312 
0,07200241088867188 
0,07271766662597656 
0,06937980651855469 
0,08249282836914062 
0,07963180541992188 
0,11587142944335938 
0,10395050048828125 
0,07367134094238281 
0,06818771362304688 
0,07486343383789062 
0,07224082946777344 
0,08273124694824219 
0,10085105895996094 
0,13303756713867188 
0,19860267639160156 
0,07867813110351562 
0,10895729064941406 
0,0705718994140625 
0,06937980651855469 
0,09417533874511719 
0,0782012939453125 
0,08130073547363281 
0,0762939453125 
0,07963180541992188 
0,07605552673339844 
0,08797645568847656 
0,1544952392578125 
0,20265579223632812 
0,0896453857421875 
0,18453598022460938 
0,07796287536621094 
0,19621849060058594 
0,0820159912109375 
0,095367431640625 
0,08463859558105469 
0,06914138793945312 
0,11610984802246094 
0,06961822509765625 
0,07510185241699219 
0,06270408630371094 
0,06127357482910156 
0,05841255187988281 
0,06079673767089844 
0,06365776062011719 
0,05984306335449219 
0,05888938903808594 
0,06365776062011719 
0,05888938903808594 
0,06079673767089844 
0,05936622619628906 
0,06628036499023438 
0,05984306335449219 
0,06628036499023438 
0,06127357482910156 
0,09250640869140625 
0,06413459777832031 
0,06937980651855469 
0,09012222290039062 
0,07343292236328125 
0,08678436279296875 
0,08153915405273438 
0,1518726348876953 
0,07867813110351562 
0,08916854858398438 
0,11754035949707031 
0,07295608520507812 
0,07891654968261719 
0,091552734375 
0,07581710815429688 
0,07343292236328125 
0,06651878356933594 
0,1678466796875 
0,23174285888671875 
0,09965896606445312 
0,11873245239257812 
0,07987022399902344 
0,1475811004638672 
0,13327598571777344 
0,15878677368164062 
0,12731552124023438 
0,10776519775390625 
0,06222724914550781 
0,06508827209472656 
0,09775161743164062 
0,11539459228515625 
0,09775161743164062 
0,12040138244628906 
0,11372566223144531 
0,11420249938964844 
0,110626220703125 
0,10848045349121094 
0,06532669067382812 
0,06628036499023438 
0,06079673767089844 
0,06437301635742188 
0,07653236389160156 
0,11444091796875 
0,09393692016601562 
0,12421607971191406 
0,10228157043457031 
0,10943412780761719 
0,1399517059326172 
0,07772445678710938 
0,06747245788574219 
0,06604194641113281 
0,06723403930664062 
0,32639503479003906 
0,072479248046875 
0,14257431030273438 
0,1537799835205078 
0,08606910705566406 
0,08368492126464844 
0,07009506225585938 
0,13589859008789062 
0,0667572021484375 
0,07271766662597656 
0,08702278137207031 
0,05984306335449219 
0,06031990051269531 
0,060558319091796875 
0,06079673767089844 
0,06198883056640625 
0,062465667724609375 
0,061511993408203125 
0,06079673767089844 
0,06103515625 
0,06580352783203125 
0,06508827209472656 
0,0629425048828125 
0,060558319091796875 
0,06628036499023438 
0,10204315185546875 
0,05984306335449219 
0,06699562072753906 
0,07772445678710938 
0,06103515625 
0,05984306335449219 
0,05817413330078125 
0,05984306335449219 
0,07009506225585938 
0,06890296936035156 
0,06651878356933594 
0,07700920104980469 
0,06628036499023438 
0,07081031799316406 
0,044345855712890625 
0,09441375732421875 
0,10776519775390625 
0,12922286987304688 
0,08463859558105469 
0,07843971252441406 
0,09179115295410156 
0,08702278137207031 
0,11396408081054688 
0,07963180541992188 
0,10395050048828125 
0,17070770263671875 
0,1285076141357422 
0,08749961853027344 
0,10156631469726562 
0,07390975952148438 
0,08988380432128906 
0,08821487426757812 
0,09131431579589844 
0,07891654968261719 
0,07414817810058594 
0,06508827209472656 
0,06318092346191406 
0,1583099365234375 
0,1392364501953125 
0,07891654968261719 
0,0762939453125 
0,06413459777832031 
0,1785755157470703 
0,08416175842285156 
0,07104873657226562 
0,08487701416015625 
0,08392333984375 
0,08106231689453125 
0,09632110595703125 
0,110626220703125 
0,18095970153808594 
0,10156631469726562 
0,19788742065429688 
0,12469291687011719 
0,14734268188476562 
0,09512901306152344 
0,3304481506347656 
0,12373924255371094 
0,1125335693359375 
0,08988380432128906 
0,1010894775390625 
0,08153915405273438 
0,07915496826171875 
0,2503395080566406 
0,10228157043457031 
0,09250640869140625 
0,07462501525878906 
0,08058547973632812 
0,1201629638671875 
0,09107589721679688 
0,06771087646484375 
0,15592575073242188 
0,0705718994140625 
0,06794929504394531 
0,08678436279296875 
0,06628036499023438 
0,07152557373046875 
0,06651878356933594 
0,06771087646484375 
0,06628036499023438 
0,07748603820800781 
0,06747245788574219 
0,06437301635742188 
0,06389617919921875 
0,061511993408203125 
0,09703636169433594 
0,06437301635742188 
0,07414817810058594 
0,0896453857421875 
0,07081031799316406 
0,07200241088867188 
0,07390975952148438 
0,10776519775390625 
0,08988380432128906 
0,08654594421386719 
0,15735626220703125 
0,0820159912109375 
0,10895729064941406 
0,07653236389160156 
0,16999244689941406 
0,07677078247070312 
0,09369850158691406 
0,20933151245117188 
0,08511543273925781 
0,07176399230957031 
0,09083747863769531 
0,07724761962890625 
0,07557868957519531 
0,07605552673339844 
0,07033348083496094 
0,07510185241699219 
0,07104873657226562 
0,16021728515625 
0,10609626770019531 
0,1304149627685547 
0,07033348083496094 
0,08082389831542969 
0,06651878356933594 
0,0934600830078125 
0,14019012451171875 
0,06914138793945312 
0,08296966552734375 
0,09965896606445312 
0,06270408630371094 
0,06270408630371094 
0,11968612670898438 
0,07772445678710938 
0,09894371032714844 
0,0782012939453125 
0,09655952453613281 
0,09965896606445312 
0,07271766662597656 
0,09846687316894531 
0,08368492126464844 
0,08702278137207031 
0,10037422180175781 
0,07224082946777344 
0,0896453857421875 
0,20837783813476562 
0,08845329284667969 
0,08940696716308594 
0,08821487426757812 
0,11587142944335938 
0,08368492126464844 
0,125885009765625 
0,09703636169433594 
0,1285076141357422 
0,0896453857421875 
0,095367431640625 
0,07963180541992188 
0,08177757263183594 
0,07390975952148438 
0,10728836059570312 
0,10371208190917969 
0,10800361633300781 
0,07009506225585938 
0,072479248046875 
0,2880096435546875 
0,06914138793945312 
0,3478527069091797 
0,08535385131835938 
0,09465217590332031 
0,05412101745605469 
0,04982948303222656 
0,04839897155761719 
0,09441375732421875 
0,0705718994140625 
0,04792213439941406 
0,03409385681152344 
0,03504753112792969 
0,046253204345703125 
0,04506111145019531 
0,04744529724121094 
0,050067901611328125 
0,034332275390625 
0,05269050598144531 
0,03409385681152344 
0,05888938903808594 
0,04744529724121094 
0,034809112548828125 
0,03552436828613281 
0,03504753112792969 
0,03647804260253906 
0,03910064697265625 
0,03409385681152344 
0,036716461181640625 
0,0362396240234375 
0,034332275390625 
0,03361701965332031 
0,04410743713378906 
0,033855438232421875 
0,03719329833984375 
0,044345855712890625 
0,05888938903808594 
0,04839897155761719 
0,06532669067382812 
0,05221366882324219 
0,05507469177246094 
0,0514984130859375 
0,051021575927734375 
0,04076957702636719 
0,06413459777832031 
0,04220008850097656 
0,05507469177246094 
0,08988380432128906 
0,0782012939453125 
0,04601478576660156 
0,06008148193359375 
0,06914138793945312 
0,06556510925292969 
0,06556510925292969 
0,08130073547363281 
0,06461143493652344 
0,06318092346191406 
0,04649162292480469 
0,06890296936035156 
0,06389617919921875 
0,07724761962890625 
0,06890296936035156 
0,057697296142578125 
0,048160552978515625 
0,062465667724609375 
0,045299530029296875 
0,05841255187988281 
0,033855438232421875 
0,03790855407714844 
0,041961669921875 
0,05412101745605469 
0,028371810913085938 
0,032901763916015625 
0,026941299438476562 
0,0286102294921875 
0,032901763916015625 
0,049591064453125 
0,04696846008300781 
0,07367134094238281 
0,03457069396972656 
0,051975250244140625 
0,04839897155761719 
0,09894371032714844 
0,06437301635742188 
0,1468658447265625 
0,12826919555664062 
0,12874603271484375 
0,06818771362304688 
0,037670135498046875 
0,06413459777832031 
0,029325485229492188 
0,029087066650390625 
0,03743171691894531 
0,04172325134277344 
0,038623809814453125 
0,04291534423828125 
0,04458427429199219 
0,06628036499023438 
0,13017654418945312 
0,05078315734863281 
0,04267692565917969 
0,03838539123535156 
0,12731552124023438 
0,04601478576660156 
0,04601478576660156 
0,06222724914550781 
0,03743171691894531 
0,04363059997558594 
0,07677078247070312 
0,05507469177246094 
0,05412101745605469 
0,052928924560546875 
0,05602836608886719 
0,04935264587402344 
0,08487701416015625 
0,05507469177246094 
0,046253204345703125 
0,08153915405273438 
0,08082389831542969 
0,08273124694824219 
0,10275840759277344 
0,09799003601074219 
0,04291534423828125 
0,07581710815429688 
0,04649162292480469 
0,046253204345703125 
0,07343292236328125 
0,07295608520507812 
0,06413459777832031 
0,06318092346191406 
0,036716461181640625 
0,1652240753173828 
0,08988380432128906 
0,04124641418457031 
0,05984306335449219 
0,03790855407714844 
0,03600120544433594 
0,09202957153320312 
0,07891654968261719 
0,06103515625 
0,11277198791503906 
0,06222724914550781 
0,05650520324707031 
0,04887580871582031 
0,04315376281738281 
0,0438690185546875 
0,034809112548828125 
0,04124641418457031 
0,06651878356933594 
0,03814697265625 
0,0400543212890625 
0,05221366882324219 
0,06127357482910156 
0,039577484130859375 
0,05888938903808594 
0,08893013000488281 
0,06866455078125 
0,11277198791503906 
0,13518333435058594 
0,08654594421386719 
0,045299530029296875 
0,05602836608886719 
0,041484832763671875 
0,03910064697265625 
0,04029273986816406 
0,03695487976074219 
0,0400543212890625 
0,048160552978515625 
0,03933906555175781 
0,04100799560546875 
0,025987625122070312 
0,13136863708496094 
0,04887580871582031 
0,08058547973632812 
0,05364418029785156 
0,04696846008300781 
0,04267692565917969 
0,029802322387695312 
0,033855438232421875 
0,025272369384765625 
0,025987625122070312 
0,037670135498046875 
0,0362396240234375 
0,024318695068359375 
0,06437301635742188 
0,03314018249511719 
0,034332275390625 
0,02384185791015625 
0,029802322387695312 
0,053882598876953125 
0,051021575927734375 
0,1468658447265625 
0,031948089599609375 
0,03743171691894531 
0,03170967102050781 
0,04220008850097656 
0,04482269287109375 
0,07009506225585938 
0,04315376281738281 
0,03743171691894531 
0,05626678466796875 
0,04482269287109375 
0,04696846008300781 
0,06318092346191406 
0,05078315734863281 
0,05245208740234375 
0,055789947509765625 
0,05173683166503906 
0,030279159545898438 
0,05745887756347656 
0,06270408630371094 
0,11229515075683594 
0,0286102294921875 
0,10228157043457031 
0,03981590270996094 
0,06532669067382812 
0,04291534423828125 
0,0400543212890625 
0,049114227294921875 
0,03814697265625 
0,15020370483398438 
0,03314018249511719 
0,036716461181640625 
0,06318092346191406 
0,027418136596679688 
0,026226043701171875 
0,048160552978515625 
0,027894973754882812 
0,04482269287109375 
0,04363059997558594 
0,0400543212890625 
0,04267692565917969 
0,03790855407714844 
0,025272369384765625 
0,03337860107421875 
0,04124641418457031 
0,04363059997558594 
0,04363059997558594 
0,026464462280273438 
0,026702880859375 
0,03933906555175781 
0,03552436828613281 
0,035762786865234375 
0,035762786865234375 
0,03457069396972656 
0,03743171691894531 
0,03528594970703125 
0,03528594970703125 
0,06794929504394531 
0,064849853515625 
0,03910064697265625 
0,04100799560546875 
0,03838539123535156 
0,03814697265625 
0,07367134094238281 
0,10466575622558594 
0,07486343383789062 
0,042438507080078125 
0,06103515625 
0,06031990051269531 
0,05745887756347656 
0,03457069396972656 
0,034809112548828125 
0,05745887756347656 
0,03337860107421875 
0,034809112548828125 
0,04935264587402344 
0,02288818359375 
0,02956390380859375 
0,031232833862304688 
0,026941299438476562 
0,038623809814453125 
0,04887580871582031 
0,03790855407714844 
0,029802322387695312 
0,03647804260253906 
0,031232833862304688 
0,0286102294921875 
0,027179718017578125 
0,03910064697265625 
0,031232833862304688 
0,030517578125 
0,053882598876953125 
0,041961669921875 
0,03266334533691406 
0,03147125244140625 
0,039577484130859375 
0,04315376281738281 
0,05698204040527344 
0,05221366882324219 
0,048160552978515625 
0,041961669921875 
0,051021575927734375 
0,13589859008789062 
0,042438507080078125 
0,0629425048828125 
0,07581710815429688 
0,03361701965332031 
0,05173683166503906 
0,035762786865234375 
0,03361701965332031 
0,03314018249511719 
0,049591064453125 
0,09250640869140625 
0,027418136596679688 
0,04649162292480469 
0,041961669921875 
0,03719329833984375 
0,0553131103515625 
0,0438690185546875 
0,053882598876953125 
0,04601478576660156 
0,04506111145019531 
0,0457763671875 
0,06413459777832031 
0,04792213439941406 
0,048160552978515625 
0,040531158447265625 
0,05602836608886719 
0,06008148193359375 
0,051975250244140625 
0,0476837158203125 
0,061511993408203125 
0,09107589721679688 
0,042438507080078125 
0,041484832763671875 
0,04291534423828125 
0,056743621826171875 
0,06890296936035156 
0,06103515625 
0,057220458984375 
0,07224082946777344 
0,06222724914550781 
0,0553131103515625 
0,035762786865234375 
0,03695487976074219 
0,2009868621826172 
0,091552734375 
0,09942054748535156 
0,07128715515136719 
0,048160552978515625 
0,08559226989746094 
0,08726119995117188 
0,051021575927734375 
0,044345855712890625 
0,03695487976074219 
0,04887580871582031 
0,04506111145019531 
0,06461143493652344 
0,03743171691894531 
0,06079673767089844 
0,091552734375 
0,057697296142578125 
0,06866455078125 
0,04076957702636719 
0,049591064453125 
0,06103515625 
0,06747245788574219 
0,05316734313964844 
0,06723403930664062 
0,049591064453125 
0,05555152893066406 
0,04100799560546875 
0,11491775512695312 
0,06985664367675781 
0,0400543212890625 
0,051975250244140625 
0,039577484130859375 
0,06341934204101562 
0,04935264587402344 
0,03337860107421875 
0,03695487976074219 
0,03814697265625 
0,0362396240234375 
0,057697296142578125 
0,0476837158203125 
0,04982948303222656 
0,04887580871582031 
0,0400543212890625 
0,08749961853027344 
0,110626220703125 
0,06604194641113281 
0,087738037109375 
0,06079673767089844 
0,04744529724121094 
0,08082389831542969 
0,08630752563476562 
0,03790855407714844 
0,04863739013671875 
0,034332275390625 
0,05650520324707031 
0,057697296142578125 
0,051975250244140625 
0,05269050598144531 
0,042438507080078125 
0,051021575927734375 
0,057697296142578125 
0,054836273193359375 
0,05841255187988281 
0,04076957702636719 
0,040531158447265625 
0,04124641418457031 
0,0591278076171875 
0,045299530029296875 
0,052928924560546875 
0,05459785461425781 
0,05316734313964844 
0,06842613220214844 
0,041484832763671875 
0,05245208740234375 
0,03552436828613281 
0,047206878662109375 
0,07414817810058594 
0,052928924560546875 
0,07891654968261719 
0,072479248046875 
0,033855438232421875 
0,0457763671875 
0,036716461181640625 
0,03743171691894531 
0,054836273193359375 
0,052928924560546875 
0,05221366882324219 
0,16069412231445312 
0,07462501525878906 
0,06413459777832031 
0,03933906555175781 
0,03743171691894531 
0,04863739013671875 
0,08249282836914062 
0,194549560546875 
0,17333030700683594 
0,09894371032714844 
0,07653236389160156 
0,09799003601074219 
0,1385211944580078 
0,06794929504394531 
0,133514404296875 
0,06127357482910156 
0,06556510925292969 
0,06437301635742188 
0,04744529724121094 
0,09846687316894531 
0,091552734375 
0,04291534423828125 
0,043392181396484375 
0,04100799560546875 
0,04220008850097656 
0,07319450378417969 
0,041961669921875 
0,06365776062011719 
0,03838539123535156 
0,036716461181640625 
0,04649162292480469 
0,04553794860839844 
0,03552436828613281 
0,04553794860839844 
0,044345855712890625 
0,0362396240234375 
0,03504753112792969 
0,041484832763671875 
0,04506111145019531 
0,03361701965332031 
0,0362396240234375 
0,04172325134277344 
0,03457069396972656 
0,04887580871582031 
0,044345855712890625 
0,05698204040527344 
0,04792213439941406 
0,05626678466796875 
0,03814697265625 
0,03695487976074219 
0,03790855407714844 
0,03910064697265625 
0,03910064697265625 
0,039577484130859375 
0,03981590270996094 
0,07081031799316406 
0,06556510925292969 
0,06818771362304688 
0,0667572021484375 
0,04673004150390625 
0,03695487976074219 
0,0476837158203125 
0,03552436828613281 
0,034809112548828125 
0,05054473876953125 
0,03409385681152344 
0,033855438232421875 
0,08797645568847656 
0,04029273986816406 
0,04100799560546875 
0,039577484130859375 
0,04076957702636719 
0,04315376281738281 
0,03838539123535156 
0,04100799560546875 
0,061511993408203125 
0,039577484130859375 
0,04363059997558594 
0,04124641418457031 
0,0553131103515625 
0,06270408630371094 
0,0400543212890625 
0,05078315734863281 
0,041961669921875 
0,03981590270996094 
0,04124641418457031 
0,04673004150390625 
0,04887580871582031 
0,03647804260253906 
0,03910064697265625 
0,04267692565917969 
0,07390975952148438 
0,04172325134277344 
0,049591064453125 
0,039577484130859375 
0,046253204345703125 
0,06890296936035156 
0,09870529174804688 
0,03933906555175781 
0,043392181396484375 
0,049114227294921875 
0,04100799560546875 
0,04982948303222656 
0,1289844512939453 
0,03552436828613281 
0,05078315734863281 
0,06556510925292969 
0,06604194641113281 
0,053882598876953125 
0,05316734313964844 
0,04267692565917969 
0,043392181396484375 
0,03981590270996094 
0,09083747863769531 
0,056743621826171875 
0,0629425048828125 
0,031948089599609375 
0,05602836608886719 
0,054836273193359375 
0,04982948303222656 
0,028848648071289062 
0,04649162292480469 
0,12278556823730469 
0,05221366882324219 
0,07152557373046875 
0,049591064453125 
0,025987625122070312 
0,028371810913085938 
0,034332275390625 
0,03647804260253906 
0,07581710815429688 
0,04482269287109375 
0,029325485229492188 
0,03910064697265625 
0,027894973754882812 
0,08320808410644531 
0,03814697265625 
0,05507469177246094 
0,04887580871582031 
0,03814697265625 
0,05125999450683594 
0,043392181396484375 
0,04601478576660156 
0,03695487976074219 
0,05555152893066406 
0,025510787963867188 
0,0247955322265625 
0,03314018249511719 
0,05364418029785156 
0,06866455078125 
0,04363059997558594 
0,04649162292480469 
0,04124641418457031 
0,07033348083496094 
0,032901763916015625 
0,03504753112792969 
0,03552436828613281 
0,03361701965332031 
0,04220008850097656 
0,03910064697265625 
0,03528594970703125 
0,03933906555175781 
0,034809112548828125 
0,025510787963867188 
0,0247955322265625 
0,030279159545898438 
0,023603439331054688 
0,037670135498046875 
0,0247955322265625 
0,03314018249511719 
0,033855438232421875 
0,0476837158203125 
0,03695487976074219 
0,03719329833984375 
0,03600120544433594 
0,03552436828613281 
0,04315376281738281 
0,04267692565917969 
0,041484832763671875 
0,04100799560546875 
0,03600120544433594 
0,039577484130859375 
0,04315376281738281 
0,06961822509765625 
0,07367134094238281 
0,04982948303222656 
0,07605552673339844 
0,05340576171875 
0,05364418029785156 
0,06985664367675781 
0,05841255187988281 
0,07319450378417969 
0,04291534423828125 
0,04744529724121094 
0,08320808410644531 
0,0476837158203125 
0,04410743713378906 
0,06508827209472656 
0,06604194641113281 
0,07414817810058594 
0,041484832763671875 
0,044345855712890625 
0,04267692565917969 
0,04863739013671875 
0,041961669921875 
0,030517578125 
0,02384185791015625 
0,028371810913085938 
0,028371810913085938 
0,03600120544433594 
0,03719329833984375 
0,025510787963867188 
0,024318695068359375 
0,032901763916015625 
0,05817413330078125 
0,04220008850097656 
0,03790855407714844 
0,03910064697265625 
0,06818771362304688 
0,03790855407714844 
0,07510185241699219 
0,1163482666015625 
0,051975250244140625 
0,04696846008300781 
0,051021575927734375 
0,05364418029785156 
0,03600120544433594 
0,051021575927734375 
0,07653236389160156 
0,04410743713378906 
0,053882598876953125 
0,04887580871582031 
0,152587890625 
0,057220458984375 
0,04410743713378906 
0,03838539123535156 
0,03695487976074219 
0,0782012939453125 
0,03838539123535156 
0,06103515625 
0,04124641418457031 
0,07390975952148438 
0,038623809814453125 
0,061511993408203125 
0,04839897155761719 
0,048160552978515625 
0,05984306335449219 
0,045299530029296875 
0,1361370086669922 
0,05555152893066406 
0,04220008850097656 
0,06842613220214844 
0,044345855712890625 
0,09608268737792969 
0,08702278137207031 
0,10919570922851562 
0,072479248046875 
0,1895427703857422 
0,04696846008300781 
0,1361370086669922 
0,052928924560546875 
0,06365776062011719 
0,06365776062011719 
0,12040138244628906 
0,07557868957519531 
0,05316734313964844 
0,04673004150390625 
0,04553794860839844 
0,06222724914550781 
0,04100799560546875 
0,04100799560546875 
0,04553794860839844 
0,037670135498046875 
0,05245208740234375 
0,035762786865234375 
0,04601478576660156 
0,03457069396972656 
0,05054473876953125 
0,048160552978515625 
0,04482269287109375 
0,06890296936035156 
0,0362396240234375 
0,041484832763671875 
0,04124641418457031 
0,03504753112792969 
0,05054473876953125 
0,04029273986816406 
0,04172325134277344 
0,06270408630371094 
0,052928924560546875 
0,07677078247070312 
0,09489059448242188 
0,04363059997558594 
0,04744529724121094 
0,0514984130859375 
0,14209747314453125 
0,14710426330566406 
0,059604644775390625 
0,28324127197265625 
0,08988380432128906 
0,06031990051269531 
0,061511993408203125 
0,07748603820800781 
0,07081031799316406 
0,08153915405273438 
0,07534027099609375 
0,09489059448242188 
0,06747245788574219 
0,10824203491210938 
0,08344650268554688 
0,055789947509765625 
0,043392181396484375 
0,07462501525878906 
0,06031990051269531 
0,10585784912109375 
0,061511993408203125 
0,031948089599609375 
0,043392181396484375 
0,04124641418457031 
0,06842613220214844 
0,18787384033203125 
0,064849853515625 
0,04220008850097656 
0,04363059997558594 
0,03170967102050781 
0,05125999450683594 
0,040531158447265625 
0,03600120544433594 
0,04172325134277344 
0,05459785461425781 
0,07009506225585938 
0,054836273193359375 
0,05173683166503906 
0,05435943603515625 
0,051975250244140625 
0,041961669921875 
0,05340576171875 
0,041484832763671875 
0,07677078247070312 
0,07271766662597656 
0,07987022399902344 
0,17380714416503906 
0,07319450378417969 
0,09775161743164062 
0,07224082946777344 
0,07152557373046875 
0,07295608520507812 
0,09512901306152344 
0,05841255187988281 
0,05340576171875 
0,030040740966796875 
0,06437301635742188 
0,06127357482910156 
0,04482269287109375 
0,034809112548828125 
0,027894973754882812 
0,03361701965332031 
0,04315376281738281 
0,03504753112792969 
0,02956390380859375 
0,041484832763671875 
0,05698204040527344 
0,030279159545898438 
0,03933906555175781 
