0,013113021850585938 
0,015974044799804688 
0,026226043701171875 
0,022649765014648438 
0,02002716064453125 
0,0095367431640625 
0,012636184692382812 
0,009775161743164062 
0,015020370483398438 
0,008821487426757812 
0,01811981201171875 
0,07939338684082031 
0,22220611572265625 
0,01811981201171875 
0,02002716064453125 
0,024318695068359375 
0,009298324584960938 
0,03600120544433594 
0,014066696166992188 
0,010013580322265625 
0,016927719116210938 
0,022649765014648438 
0,02193450927734375 
0,0152587890625 
0,022411346435546875 
0,027418136596679688 
0,014543533325195312 
0,014781951904296875 
0,039577484130859375 
0,020742416381835938 
0,020742416381835938 
0,008106231689453125 
0,017642974853515625 
0,013589859008789062 
0,0095367431640625 
0,0591278076171875 
0,0324249267578125 
0,0152587890625 
0,023365020751953125 
0,009298324584960938 
0,011205673217773438 
0,014543533325195312 
0,009059906005859375 
0,033855438232421875 
0,010967254638671875 
0,008821487426757812 
0,009775161743164062 
0,05364418029785156 
0,03361701965332031 
0,027179718017578125 
0,019311904907226562 
0,02384185791015625 
0,009059906005859375 
0,024557113647460938 
0,009059906005859375 
0,016450881958007812 
0,009298324584960938 
0,008344650268554688 
0,008344650268554688 
0,023126602172851562 
0,0171661376953125 
0,01621246337890625 
0,01430511474609375 
0,10395050048828125 
0,009298324584960938 
0,012636184692382812 
0,008344650268554688 
0,020503997802734375 
0,00858306884765625 
0,026702880859375 
0,009775161743164062 
0,016450881958007812 
0,009059906005859375 
0,0171661376953125 
0,009059906005859375 
0,0095367431640625 
0,012874603271484375 
0,008821487426757812 
0,009059906005859375 
0,017881393432617188 
0,00858306884765625 
0,008821487426757812 
0,013113021850585938 
0,016689300537109375 
0,008821487426757812 
0,017881393432617188 
0,019550323486328125 
0,010728836059570312 
0,018358230590820312 
0,021457672119140625 
0,11467933654785156 
0,0247955322265625 
0,023603439331054688 
0,016689300537109375 
0,0095367431640625 
0,016689300537109375 
0,024080276489257812 
0,020742416381835938 
0,014781951904296875 
0,015020370483398438 
0,03790855407714844 
0,02193450927734375 
0,0934600830078125 
0,030755996704101562 
0,0362396240234375 
0,04482269287109375 
0,034809112548828125 
0,030040740966796875 
0,04839897155761719 
0,03170967102050781 
0,038623809814453125 
0,026941299438476562 
0,035762786865234375 
0,03886222839355469 
0,03886222839355469 
0,026702880859375 
0,026226043701171875 
0,03743171691894531 
0,026941299438476562 
0,03743171691894531 
0,03814697265625 
0,028371810913085938 
0,027418136596679688 
0,034809112548828125 
0,026226043701171875 
0,04673004150390625 
0,020503997802734375 
0,029325485229492188 
0,04673004150390625 
0,044345855712890625 
0,03647804260253906 
0,04553794860839844 
0,08416175842285156 
0,12278556823730469 
0,1971721649169922 
0,055789947509765625 
0,09179115295410156 
0,053882598876953125 
0,05817413330078125 
0,0553131103515625 
0,0782012939453125 
0,05817413330078125 
0,052928924560546875 
0,054836273193359375 
0,0762939453125 
0,05269050598144531 
0,06771087646484375 
0,07224082946777344 
0,064849853515625 
0,15735626220703125 
0,07867813110351562 
0,08320808410644531 
0,064849853515625 
0,059604644775390625 
0,057697296142578125 
0,07534027099609375 
0,06461143493652344 
0,14710426330566406 
0,1895427703857422 
0,10967254638671875 
0,13065338134765625 
0,1366138458251953 
0,17452239990234375 
0,0762939453125 
0,13327598571777344 
0,07653236389160156 
0,06270408630371094 
0,09107589721679688 
0,06961822509765625 
0,08440017700195312 
0,07963180541992188 
0,07081031799316406 
0,06031990051269531 
0,064849853515625 
0,07677078247070312 
0,062465667724609375 
0,06103515625 
0,057697296142578125 
0,06699562072753906 
0,06508827209472656 
0,08296966552734375 
0,14066696166992188 
0,10251998901367188 
0,04267692565917969 
0,041961669921875 
0,04482269287109375 
0,041484832763671875 
0,09131431579589844 
0,04363059997558594 
0,03457069396972656 
0,04863739013671875 
0,0400543212890625 
0,04363059997558594 
0,04887580871582031 
0,041961669921875 
0,05221366882324219 
0,04267692565917969 
0,0400543212890625 
0,044345855712890625 
0,03314018249511719 
0,03409385681152344 
0,06437301635742188 
0,03743171691894531 
0,03719329833984375 
0,03218650817871094 
0,03218650817871094 
0,03314018249511719 
0,03981590270996094 
0,03266334533691406 
0,03838539123535156 
0,033855438232421875 
0,04792213439941406 
0,04100799560546875 
0,03600120544433594 
0,03314018249511719 
0,031948089599609375 
0,04863739013671875 
0,04649162292480469 
0,09107589721679688 
0,07200241088867188 
0,05817413330078125 
0,14138221740722656 
0,04673004150390625 
0,03814697265625 
0,03409385681152344 
0,034809112548828125 
0,06270408630371094 
0,0362396240234375 
0,04553794860839844 
0,03528594970703125 
0,03457069396972656 
0,19431114196777344 
0,03457069396972656 
0,1277923583984375 
0,12230873107910156 
0,08559226989746094 
0,08606910705566406 
0,052928924560546875 
0,10800361633300781 
0,06175041198730469 
0,06437301635742188 
0,08940696716308594 
0,06628036499023438 
0,03838539123535156 
0,038623809814453125 
0,06771087646484375 
0,030040740966796875 
0,06008148193359375 
0,046253204345703125 
0,05435943603515625 
0,046253204345703125 
0,07557868957519531 
0,05745887756347656 
0,08821487426757812 
0,0591278076171875 
0,06198883056640625 
0,061511993408203125 
0,080108642578125 
0,04076957702636719 
0,03933906555175781 
0,043392181396484375 
0,06723403930664062 
0,04363059997558594 
0,04553794860839844 
0,027179718017578125 
0,03528594970703125 
0,04553794860839844 
0,02765655517578125 
0,032901763916015625 
0,11324882507324219 
0,04172325134277344 
0,028133392333984375 
0,029087066650390625 
0,029802322387695312 
0,056743621826171875 
0,026464462280273438 
0,0324249267578125 
0,026702880859375 
0,026702880859375 
0,05888938903808594 
0,037670135498046875 
0,04410743713378906 
0,029325485229492188 
0,030040740966796875 
0,030517578125 
0,07009506225585938 
0,06079673767089844 
0,03743171691894531 
0,030279159545898438 
0,17333030700683594 
0,1723766326904297 
0,029087066650390625 
0,034332275390625 
0,04100799560546875 
0,031948089599609375 
0,10466575622558594 
0,055789947509765625 
0,080108642578125 
0,037670135498046875 
0,03504753112792969 
0,054836273193359375 
0,042438507080078125 
0,04410743713378906 
0,05459785461425781 
0,07367134094238281 
0,045299530029296875 
0,049591064453125 
0,03981590270996094 
0,05316734313964844 
0,034332275390625 
0,03933906555175781 
0,0553131103515625 
0,05125999450683594 
0,09012222290039062 
0,06556510925292969 
0,06389617919921875 
0,11491775512695312 
0,03886222839355469 
0,04792213439941406 
0,051021575927734375 
0,028371810913085938 
0,030040740966796875 
0,03743171691894531 
0,1900196075439453 
0,09799003601074219 
0,04124641418457031 
0,04506111145019531 
0,0400543212890625 
0,04863739013671875 
0,036716461181640625 
0,03504753112792969 
0,05245208740234375 
0,03361701965332031 
0,035762786865234375 
0,028133392333984375 
0,038623809814453125 
0,04076957702636719 
0,04863739013671875 
0,05888938903808594 
0,0438690185546875 
0,04506111145019531 
0,04363059997558594 
0,03457069396972656 
0,09465217590332031 
0,07081031799316406 
0,05459785461425781 
0,07033348083496094 
0,03218650817871094 
0,09441375732421875 
0,1468658447265625 
0,0667572021484375 
0,049591064453125 
0,06532669067382812 
0,07700920104980469 
0,050067901611328125 
0,053882598876953125 
0,1862049102783203 
0,08320808410644531 
0,054836273193359375 
0,07367134094238281 
0,08225440979003906 
0,048160552978515625 
0,07367134094238281 
0,04220008850097656 
0,05459785461425781 
0,07200241088867188 
0,044345855712890625 
0,031948089599609375 
0,0782012939453125 
0,04696846008300781 
0,046253204345703125 
0,03409385681152344 
0,04124641418457031 
0,057220458984375 
0,04220008850097656 
0,04696846008300781 
0,030994415283203125 
0,03457069396972656 
0,04506111145019531 
0,033855438232421875 
0,028133392333984375 
0,03528594970703125 
0,028133392333984375 
0,03552436828613281 
0,03552436828613281 
0,028371810913085938 
0,07891654968261719 
0,03886222839355469 
0,04482269287109375 
0,08893013000488281 
0,05888938903808594 
0,03552436828613281 
0,041961669921875 
0,03910064697265625 
0,03409385681152344 
0,03361701965332031 
0,04482269287109375 
0,03266334533691406 
0,04172325134277344 
0,0324249267578125 
0,04410743713378906 
0,04315376281738281 
0,03647804260253906 
0,04458427429199219 
0,040531158447265625 
0,06127357482910156 
0,04696846008300781 
0,05245208740234375 
0,03266334533691406 
0,03409385681152344 
0,04863739013671875 
0,0514984130859375 
0,03886222839355469 
0,048160552978515625 
0,04291534423828125 
0,03147125244140625 
0,03981590270996094 
0,04458427429199219 
0,0743865966796875 
0,039577484130859375 
0,028848648071289062 
0,029087066650390625 
0,0362396240234375 
0,03314018249511719 
0,036716461181640625 
0,202178955078125 
0,07534027099609375 
0,05412101745605469 
0,03814697265625 
0,05412101745605469 
0,03910064697265625 
0,04291534423828125 
0,03457069396972656 
0,035762786865234375 
0,04673004150390625 
0,03409385681152344 
0,030040740966796875 
0,05435943603515625 
0,0400543212890625 
0,036716461181640625 
0,038623809814453125 
0,040531158447265625 
0,03314018249511719 
0,05888938903808594 
0,026464462280273438 
0,025033950805664062 
0,03314018249511719 
0,02574920654296875 
0,028848648071289062 
0,03528594970703125 
0,025272369384765625 
0,03600120544433594 
0,03552436828613281 
0,03552436828613281 
0,026941299438476562 
0,03266334533691406 
0,034332275390625 
0,04482269287109375 
0,07081031799316406 
0,06437301635742188 
0,0476837158203125 
0,04792213439941406 
0,0476837158203125 
0,1347064971923828 
0,21219253540039062 
0,034809112548828125 
0,05435943603515625 
0,07915496826171875 
0,06341934204101562 
0,06198883056640625 
0,048160552978515625 
0,08678436279296875 
0,10228157043457031 
0,054836273193359375 
0,0667572021484375 
0,05698204040527344 
0,026464462280273438 
0,05888938903808594 
0,04673004150390625 
0,03314018249511719 
0,035762786865234375 
0,03719329833984375 
0,03600120544433594 
0,03600120544433594 
0,04267692565917969 
0,025987625122070312 
0,02574920654296875 
0,034809112548828125 
0,026226043701171875 
0,03790855407714844 
0,021457672119140625 
0,03170967102050781 
0,02002716064453125 
0,031948089599609375 
0,02288818359375 
0,040531158447265625 
0,02193450927734375 
0,024318695068359375 
0,03552436828613281 
0,04410743713378906 
0,03528594970703125 
0,03218650817871094 
0,05936622619628906 
0,0457763671875 
0,03147125244140625 
0,061511993408203125 
0,021696090698242188 
0,062465667724609375 
0,09107589721679688 
0,08034706115722656 
0,061511993408203125 
0,05340576171875 
0,059604644775390625 
0,05555152893066406 
0,04291534423828125 
0,044345855712890625 
0,04100799560546875 
0,07796287536621094 
0,035762786865234375 
0,038623809814453125 
0,03910064697265625 
0,03314018249511719 
0,03838539123535156 
0,04029273986816406 
0,07343292236328125 
0,05078315734863281 
0,04887580871582031 
0,028848648071289062 
0,03695487976074219 
0,03719329833984375 
0,028133392333984375 
0,029802322387695312 
0,05507469177246094 
0,050067901611328125 
0,07033348083496094 
0,1347064971923828 
0,17690658569335938 
0,11610984802246094 
0,08320808410644531 
0,05650520324707031 
0,03314018249511719 
0,05173683166503906 
0,051975250244140625 
0,043392181396484375 
0,042438507080078125 
0,043392181396484375 
0,03218650817871094 
0,030994415283203125 
0,03409385681152344 
0,05412101745605469 
0,05602836608886719 
0,05459785461425781 
0,051975250244140625 
0,06985664367675781 
0,06961822509765625 
0,049591064453125 
0,028133392333984375 
0,04506111145019531 
0,03647804260253906 
0,0324249267578125 
0,03933906555175781 
0,03743171691894531 
0,0286102294921875 
0,12564659118652344 
0,09107589721679688 
0,09918212890625 
0,05555152893066406 
0,029325485229492188 
0,03695487976074219 
0,040531158447265625 
0,0286102294921875 
0,028133392333984375 
0,04315376281738281 
0,051975250244140625 
0,03218650817871094 
0,03910064697265625 
0,037670135498046875 
0,03218650817871094 
0,029802322387695312 
0,026941299438476562 
0,03886222839355469 
0,020265579223632812 
0,018596649169921875 
0,02193450927734375 
0,029802322387695312 
0,027179718017578125 
0,023603439331054688 
0,041484832763671875 
0,0362396240234375 
0,03981590270996094 
0,03814697265625 
0,02574920654296875 
0,03886222839355469 
0,030517578125 
0,031948089599609375 
0,09846687316894531 
0,04792213439941406 
0,05173683166503906 
0,04458427429199219 
0,07510185241699219 
0,06937980651855469 
0,08487701416015625 
0,08749961853027344 
0,06365776062011719 
0,091552734375 
0,05125999450683594 
0,05030632019042969 
0,06270408630371094 
0,04315376281738281 
0,044345855712890625 
0,05364418029785156 
0,058650970458984375 
0,03337860107421875 
0,04482269287109375 
0,06651878356933594 
0,07295608520507812 
0,05030632019042969 
0,045299530029296875 
0,040531158447265625 
0,043392181396484375 
0,03600120544433594 
0,026941299438476562 
0,027418136596679688 
0,026702880859375 
0,029087066650390625 
0,04172325134277344 
0,03981590270996094 
0,04553794860839844 
0,2052783966064453 
0,03361701965332031 
0,03528594970703125 
0,05555152893066406 
0,11682510375976562 
0,057697296142578125 
0,07462501525878906 
0,04267692565917969 
0,04673004150390625 
0,05125999450683594 
0,06842613220214844 
0,06031990051269531 
0,0438690185546875 
0,1671314239501953 
0,04172325134277344 
0,12755393981933594 
0,09036064147949219 
0,041484832763671875 
0,0514984130859375 
0,017881393432617188 
0,015020370483398438 
0,029802322387695312 
0,01621246337890625 
0,023365020751953125 
0,017881393432617188 
0,0152587890625 
0,014781951904296875 
0,01811981201171875 
0,009775161743164062 
0,011682510375976562 
0,022172927856445312 
0,019073486328125 
0,02384185791015625 
0,01621246337890625 
0,016927719116210938 
0,010967254638671875 
0,019311904907226562 
0,021457672119140625 
0,015735626220703125 
0,043392181396484375 
0,0247955322265625 
0,09512901306152344 
0,012636184692382812 
0,018835067749023438 
0,02574920654296875 
0,010728836059570312 
0,014066696166992188 
0,016450881958007812 
0,0171661376953125 
0,01621246337890625 
0,0400543212890625 
0,022172927856445312 
0,011920928955078125 
0,015735626220703125 
0,018358230590820312 
0,013113021850585938 
0,013113021850585938 
0,024080276489257812 
0,013589859008789062 
0,008821487426757812 
0,009298324584960938 
0,010728836059570312 
0,009059906005859375 
0,009775161743164062 
0,017881393432617188 
0,014781951904296875 
0,03409385681152344 
0,015497207641601562 
0,022411346435546875 
0,010728836059570312 
0,010251998901367188 
0,020503997802734375 
0,017404556274414062 
0,01049041748046875 
0,025987625122070312 
0,018596649169921875 
0,010251998901367188 
0,031232833862304688 
0,0209808349609375 
0,022649765014648438 
0,018596649169921875 
0,010728836059570312 
0,018596649169921875 
0,022172927856445312 
0,018358230590820312 
0,015974044799804688 
0,019788742065429688 
0,011205673217773438 
0,008344650268554688 
0,01811981201171875 
0,00858306884765625 
0,014543533325195312 
0,012636184692382812 
0,020265579223632812 
0,021457672119140625 
0,009059906005859375 
0,014781951904296875 
0,008821487426757812 
0,009298324584960938 
0,019550323486328125 
0,010251998901367188 
0,015020370483398438 
0,014066696166992188 
0,0209808349609375 
0,01430511474609375 
0,016689300537109375 
0,015020370483398438 
0,01811981201171875 
0,0247955322265625 
0,0171661376953125 
0,016927719116210938 
0,018835067749023438 
0,018596649169921875 
0,020503997802734375 
0,020265579223632812 
0,0171661376953125 
0,010967254638671875 
0,019788742065429688 
0,011205673217773438 
0,027179718017578125 
0,015974044799804688 
0,010967254638671875 
0,016927719116210938 
0,019788742065429688 
0,010967254638671875 
0,018835067749023438 
0,02193450927734375 
0,019788742065429688 
0,023126602172851562 
0,015735626220703125 
0,016450881958007812 
0,020265579223632812 
0,015974044799804688 
0,020265579223632812 
0,043392181396484375 
0,009298324584960938 
0,014781951904296875 
0,009059906005859375 
0,03314018249511719 
0,022411346435546875 
0,018596649169921875 
0,00858306884765625 
0,009059906005859375 
0,0247955322265625 
0,025510787963867188 
0,02002716064453125 
0,00858306884765625 
0,009775161743164062 
0,02288818359375 
0,014066696166992188 
0,034332275390625 
0,022649765014648438 
0,020503997802734375 
0,010728836059570312 
0,018596649169921875 
0,019788742065429688 
0,019788742065429688 
0,024318695068359375 
0,011205673217773438 
0,011444091796875 
0,03337860107421875 
0,011205673217773438 
0,011205673217773438 
0,010728836059570312 
0,009775161743164062 
0,011205673217773438 
0,012636184692382812 
0,0095367431640625 
0,008106231689453125 
0,020742416381835938 
0,008821487426757812 
0,015020370483398438 
0,008821487426757812 
0,00858306884765625 
0,009775161743164062 
0,00858306884765625 
0,00858306884765625 
0,00858306884765625 
0,00858306884765625 
0,009059906005859375 
0,008344650268554688 
0,016927719116210938 
0,019311904907226562 
0,008344650268554688 
0,008106231689453125 
0,01621246337890625 
0,015497207641601562 
0,02574920654296875 
0,045299530029296875 
0,024080276489257812 
0,019788742065429688 
0,010728836059570312 
0,015735626220703125 
0,017642974853515625 
0,022649765014648438 
0,017404556274414062 
0,024557113647460938 
0,017404556274414062 
0,030755996704101562 
0,016450881958007812 
0,016450881958007812 
0,021696090698242188 
0,019550323486328125 
0,010013580322265625 
0,028133392333984375 
0,017404556274414062 
0,0171661376953125 
0,007867813110351562 
0,031948089599609375 
0,00858306884765625 
0,009059906005859375 
0,01239776611328125 
0,008344650268554688 
0,024318695068359375 
0,018596649169921875 
0,011920928955078125 
0,014781951904296875 
0,00858306884765625 
0,010728836059570312 
0,008821487426757812 
0,01621246337890625 
0,00762939453125 
0,009298324584960938 
0,0133514404296875 
0,009298324584960938 
0,018835067749023438 
0,01811981201171875 
0,019073486328125 
0,023365020751953125 
0,010013580322265625 
0,021457672119140625 
0,019788742065429688 
0,011205673217773438 
0,011444091796875 
0,03528594970703125 
0,03790855407714844 
0,03266334533691406 
0,023603439331054688 
0,022411346435546875 
0,012159347534179688 
0,018596649169921875 
0,018358230590820312 
0,028371810913085938 
0,019788742065429688 
0,041961669921875 
0,019550323486328125 
0,0209808349609375 
0,01621246337890625 
0,026226043701171875 
0,01621246337890625 
0,014781951904296875 
0,034809112548828125 
0,010013580322265625 
0,008106231689453125 
0,031232833862304688 
0,018835067749023438 
0,018835067749023438 
0,016927719116210938 
0,015735626220703125 
0,03337860107421875 
0,020742416381835938 
0,022411346435546875 
0,06914138793945312 
0,04220008850097656 
0,01621246337890625 
0,019311904907226562 
0,07224082946777344 
0,010967254638671875 
0,018358230590820312 
0,02002716064453125 
0,019550323486328125 
0,010251998901367188 
0,010013580322265625 
0,015974044799804688 
0,020265579223632812 
0,022411346435546875 
0,017642974853515625 
0,02288818359375 
0,02288818359375 
0,037670135498046875 
0,0286102294921875 
0,05984306335449219 
0,026464462280273438 
0,023603439331054688 
0,020503997802734375 
0,028133392333984375 
0,036716461181640625 
0,023603439331054688 
0,029325485229492188 
0,028371810913085938 
0,027894973754882812 
0,03719329833984375 
0,06866455078125 
0,06818771362304688 
0,044345855712890625 
0,02956390380859375 
0,017404556274414062 
0,03528594970703125 
0,034809112548828125 
0,02765655517578125 
0,04220008850097656 
0,03814697265625 
0,037670135498046875 
0,027418136596679688 
0,030040740966796875 
0,02765655517578125 
0,029087066650390625 
0,04887580871582031 
0,04863739013671875 
0,17142295837402344 
0,04887580871582031 
0,13589859008789062 
0,08630752563476562 
0,07176399230957031 
0,044345855712890625 
0,0438690185546875 
0,04649162292480469 
0,03814697265625 
0,03910064697265625 
0,1342296600341797 
0,09703636169433594 
0,08988380432128906 
0,05221366882324219 
0,10275840759277344 
0,035762786865234375 
0,0457763671875 
0,045299530029296875 
0,038623809814453125 
0,03266334533691406 
0,02956390380859375 
0,04673004150390625 
0,07271766662597656 
0,08225440979003906 
0,1201629638671875 
0,14710426330566406 
0,08797645568847656 
0,07104873657226562 
0,03314018249511719 
0,029802322387695312 
0,02384185791015625 
0,03981590270996094 
0,03337860107421875 
0,08130073547363281 
0,019073486328125 
0,08058547973632812 
0,038623809814453125 
0,031232833862304688 
0,04506111145019531 
0,0286102294921875 
0,031232833862304688 
0,04220008850097656 
0,034809112548828125 
0,03314018249511719 
0,040531158447265625 
0,05459785461425781 
0,041961669921875 
0,04506111145019531 
0,03457069396972656 
0,046253204345703125 
0,07033348083496094 
0,09369850158691406 
0,049114227294921875 
0,04029273986816406 
0,031232833862304688 
0,032901763916015625 
0,041961669921875 
0,030517578125 
0,025987625122070312 
0,03600120544433594 
0,03147125244140625 
0,041484832763671875 
0,05221366882324219 
0,030755996704101562 
0,06341934204101562 
0,030994415283203125 
0,03552436828613281 
0,04696846008300781 
0,040531158447265625 
0,029087066650390625 
0,029325485229492188 
0,07843971252441406 
0,025033950805664062 
0,016927719116210938 
0,016689300537109375 
0,013589859008789062 
0,0247955322265625 
0,013589859008789062 
0,030517578125 
0,05054473876953125 
0,02384185791015625 
0,020265579223632812 
0,037670135498046875 
0,015974044799804688 
0,021696090698242188 
0,013589859008789062 
0,05412101745605469 
0,007867813110351562 
0,007867813110351562 
0,015974044799804688 
0,016450881958007812 
0,015974044799804688 
0,007867813110351562 
0,0171661376953125 
0,017881393432617188 
0,018835067749023438 
0,017642974853515625 
0,008344650268554688 
0,008344650268554688 
0,008344650268554688 
0,009298324584960938 
0,008821487426757812 
0,018835067749023438 
0,01049041748046875 
0,018835067749023438 
0,018835067749023438 
0,0152587890625 
0,012874603271484375 
0,00858306884765625 
0,028848648071289062 
0,021696090698242188 
0,02765655517578125 
0,017881393432617188 
0,01811981201171875 
0,015974044799804688 
0,014066696166992188 
0,019788742065429688 
0,00858306884765625 
0,026226043701171875 
0,014066696166992188 
0,020265579223632812 
0,0247955322265625 
0,023126602172851562 
0,014543533325195312 
0,013113021850585938 
0,010728836059570312 
0,02193450927734375 
0,020265579223632812 
0,019073486328125 
0,019788742065429688 
0,017881393432617188 
0,010967254638671875 
0,011444091796875 
0,020503997802734375 
0,022411346435546875 
0,011920928955078125 
0,011205673217773438 
0,01811981201171875 
0,015497207641601562 
0,00858306884765625 
0,015735626220703125 
0,010013580322265625 
0,008344650268554688 
0,00858306884765625 
0,015735626220703125 
0,016689300537109375 
0,03647804260253906 
0,09846687316894531 
0,02384185791015625 
0,020742416381835938 
0,009059906005859375 
0,008344650268554688 
0,04410743713378906 
0,014781951904296875 
0,017404556274414062 
0,0286102294921875 
0,015020370483398438 
0,009775161743164062 
0,010967254638671875 
0,01430511474609375 
0,05841255187988281 
0,018835067749023438 
0,012636184692382812 
0,015974044799804688 
0,015497207641601562 
0,01811981201171875 
0,02574920654296875 
0,0152587890625 
0,021219253540039062 
0,018596649169921875 
0,010967254638671875 
0,030517578125 
0,04839897155761719 
0,029802322387695312 
0,016927719116210938 
0,020742416381835938 
0,01430511474609375 
0,051021575927734375 
0,009059906005859375 
0,0152587890625 
0,010013580322265625 
0,01621246337890625 
0,00858306884765625 
0,010251998901367188 
0,008821487426757812 
0,014781951904296875 
0,010013580322265625 
0,01430511474609375 
0,0095367431640625 
0,008821487426757812 
0,017642974853515625 
0,028133392333984375 
0,023603439331054688 
0,017642974853515625 
0,008344650268554688 
0,013589859008789062 
0,008344650268554688 
0,010728836059570312 
0,019311904907226562 
0,01049041748046875 
0,020265579223632812 
0,010251998901367188 
0,016927719116210938 
0,010013580322265625 
0,010013580322265625 
0,0247955322265625 
0,02002716064453125 
0,026702880859375 
0,019073486328125 
0,011444091796875 
0,022172927856445312 
0,0209808349609375 
0,010251998901367188 
0,0209808349609375 
0,015974044799804688 
0,025033950805664062 
0,011205673217773438 
0,0171661376953125 
0,013113021850585938 
0,025510787963867188 
0,017404556274414062 
0,014066696166992188 
0,008344650268554688 
0,023603439331054688 
0,019073486328125 
0,015497207641601562 
0,013828277587890625 
0,01049041748046875 
0,013589859008789062 
0,00858306884765625 
0,024318695068359375 
0,020265579223632812 
0,0095367431640625 
0,00858306884765625 
0,008344650268554688 
0,011205673217773438 
0,010967254638671875 
0,008344650268554688 
0,019550323486328125 
0,01049041748046875 
0,014781951904296875 
0,011205673217773438 
0,018358230590820312 
0,011205673217773438 
0,01811981201171875 
0,023365020751953125 
0,025033950805664062 
0,011205673217773438 
0,012636184692382812 
0,022411346435546875 
0,020503997802734375 
0,011920928955078125 
0,03647804260253906 
0,02956390380859375 
0,012636184692382812 
0,010728836059570312 
0,019550323486328125 
0,019073486328125 
0,015497207641601562 
0,015020370483398438 
0,016927719116210938 
0,016927719116210938 
0,014781951904296875 
0,017642974853515625 
0,017881393432617188 
0,04220008850097656 
0,01621246337890625 
0,008106231689453125 
0,015020370483398438 
0,03337860107421875 
0,015735626220703125 
0,01239776611328125 
0,015974044799804688 
0,015974044799804688 
0,01430511474609375 
0,008344650268554688 
0,015735626220703125 
0,015497207641601562 
0,021219253540039062 
0,015974044799804688 
0,019550323486328125 
0,025510787963867188 
0,014066696166992188 
0,016689300537109375 
0,019073486328125 
0,018358230590820312 
0,026702880859375 
0,030279159545898438 
0,024318695068359375 
0,016927719116210938 
0,014781951904296875 
0,010728836059570312 
0,054836273193359375 
0,021219253540039062 
0,04601478576660156 
0,2810955047607422 
0,028848648071289062 
0,04506111145019531 
0,04482269287109375 
0,04315376281738281 
0,015735626220703125 
0,030517578125 
0,021696090698242188 
0,0152587890625 
0,016450881958007812 
0,015974044799804688 
0,016450881958007812 
0,016450881958007812 
0,027179718017578125 
0,015974044799804688 
0,008821487426757812 
0,020742416381835938 
0,00858306884765625 
0,014066696166992188 
0,013589859008789062 
0,013589859008789062 
0,01049041748046875 
0,02574920654296875 
0,0171661376953125 
0,019788742065429688 
0,017642974853515625 
0,020265579223632812 
0,010967254638671875 
0,013113021850585938 
0,010728836059570312 
0,02288818359375 
0,024318695068359375 
0,024557113647460938 
0,044345855712890625 
0,03314018249511719 
0,05054473876953125 
0,029802322387695312 
0,0133514404296875 
0,034809112548828125 
0,039577484130859375 
0,031232833862304688 
0,021219253540039062 
0,017404556274414062 
0,018358230590820312 
0,030279159545898438 
0,08392333984375 
0,05459785461425781 
0,1881122589111328 
0,06580352783203125 
0,0324249267578125 
0,054836273193359375 
0,038623809814453125 
0,030755996704101562 
0,026941299438476562 
0,03457069396972656 
0,057697296142578125 
0,08511543273925781 
0,04673004150390625 
0,040531158447265625 
0,05173683166503906 
0,046253204345703125 
0,04696846008300781 
0,04172325134277344 
0,056743621826171875 
0,11873245239257812 
0,0514984130859375 
0,034332275390625 
0,061511993408203125 
0,06747245788574219 
0,047206878662109375 
0,0400543212890625 
0,03457069396972656 
0,031232833862304688 
0,0514984130859375 
0,029087066650390625 
0,03910064697265625 
0,02956390380859375 
0,03266334533691406 
0,030755996704101562 
0,036716461181640625 
0,0324249267578125 
0,027894973754882812 
0,04792213439941406 
0,1442432403564453 
0,044345855712890625 
0,06985664367675781 
0,03886222839355469 
0,028848648071289062 
0,03838539123535156 
0,027179718017578125 
0,0247955322265625 
0,04220008850097656 
0,06175041198730469 
0,026226043701171875 
0,044345855712890625 
0,027418136596679688 
0,0152587890625 
0,016689300537109375 
0,015020370483398438 
0,0133514404296875 
0,010251998901367188 
0,09179115295410156 
0,028848648071289062 
0,023603439331054688 
0,016450881958007812 
0,022172927856445312 
0,026941299438476562 
0,012874603271484375 
0,022649765014648438 
0,019073486328125 
0,02765655517578125 
0,019311904907226562 
0,01621246337890625 
0,016450881958007812 
0,010728836059570312 
0,014543533325195312 
0,030279159545898438 
0,020265579223632812 
0,02574920654296875 
0,027179718017578125 
0,01811981201171875 
0,011920928955078125 
0,008344650268554688 
0,01239776611328125 
0,0152587890625 
0,015974044799804688 
0,009775161743164062 
0,018835067749023438 
0,0152587890625 
0,008821487426757812 
0,011682510375976562 
0,008106231689453125 
0,02288818359375 
0,022172927856445312 
0,05125999450683594 
0,010251998901367188 
0,02002716064453125 
0,02002716064453125 
0,014543533325195312 
0,020503997802734375 
0,011682510375976562 
0,0171661376953125 
0,0209808349609375 
0,03647804260253906 
0,011205673217773438 
0,021696090698242188 
0,018358230590820312 
0,018835067749023438 
0,01811981201171875 
0,020503997802734375 
0,025510787963867188 
0,018358230590820312 
0,023603439331054688 
0,013113021850585938 
0,02002716064453125 
0,010728836059570312 
0,011205673217773438 
0,01049041748046875 
0,026702880859375 
0,01049041748046875 
0,026464462280273438 
0,01049041748046875 
0,008344650268554688 
0,0095367431640625 
0,009298324584960938 
0,008344650268554688 
0,03886222839355469 
0,030994415283203125 
0,014066696166992188 
0,044345855712890625 
0,019311904907226562 
0,030517578125 
0,018358230590820312 
0,032901763916015625 
0,017881393432617188 
0,008106231689453125 
0,008344650268554688 
0,04506111145019531 
0,020265579223632812 
0,00858306884765625 
0,010251998901367188 
0,007867813110351562 
0,0209808349609375 
0,019311904907226562 
0,01811981201171875 
0,010251998901367188 
0,019550323486328125 
0,01049041748046875 
0,01049041748046875 
0,013113021850585938 
0,016450881958007812 
0,01049041748046875 
0,02002716064453125 
0,015974044799804688 
0,017642974853515625 
0,024318695068359375 
0,015735626220703125 
0,017642974853515625 
0,01811981201171875 
0,019550323486328125 
0,0247955322265625 
0,017881393432617188 
0,01621246337890625 
0,014543533325195312 
0,0152587890625 
0,019550323486328125 
0,012874603271484375 
0,012636184692382812 
0,015974044799804688 
0,025510787963867188 
0,016927719116210938 
0,014781951904296875 
0,0095367431640625 
0,00858306884765625 
0,021457672119140625 
0,009298324584960938 
0,018358230590820312 
0,008344650268554688 
0,00858306884765625 
0,008821487426757812 
0,017404556274414062 
0,008344650268554688 
0,011205673217773438 
0,010728836059570312 
0,010251998901367188 
0,016927719116210938 
0,019788742065429688 
0,01049041748046875 
0,019788742065429688 
0,022172927856445312 
0,10466575622558594 
0,013113021850585938 
0,027894973754882812 
0,017404556274414062 
0,021219253540039062 
0,01621246337890625 
0,019788742065429688 
0,01049041748046875 
0,03457069396972656 
0,03814697265625 
0,05602836608886719 
0,016689300537109375 
0,020503997802734375 
0,024080276489257812 
0,043392181396484375 
0,019073486328125 
0,015735626220703125 
0,012636184692382812 
0,01621246337890625 
0,026226043701171875 
0,015020370483398438 
0,012636184692382812 
0,03361701965332031 
0,017642974853515625 
0,05316734313964844 
0,014781951904296875 
0,04887580871582031 
0,015974044799804688 
0,022172927856445312 
0,028133392333984375 
0,052928924560546875 
0,017642974853515625 
0,02288818359375 
0,03314018249511719 
0,03790855407714844 
0,02384185791015625 
0,05030632019042969 
0,010728836059570312 
0,46825408935546875 
0,017642974853515625 
0,022649765014648438 
0,02002716064453125 
0,01049041748046875 
0,012874603271484375 
0,029802322387695312 
0,012159347534179688 
0,019073486328125 
0,009775161743164062 
0,020503997802734375 
0,01811981201171875 
0,010251998901367188 
0,010013580322265625 
0,017404556274414062 
0,019073486328125 
0,020503997802734375 
0,019311904907226562 
0,015497207641601562 
0,008344650268554688 
0,015974044799804688 
0,00858306884765625 
0,008106231689453125 
0,007867813110351562 
0,008344650268554688 
0,008821487426757812 
0,03933906555175781 
0,023365020751953125 
0,03981590270996094 
0,015020370483398438 
0,023365020751953125 
0,02002716064453125 
0,016689300537109375 
0,022172927856445312 
0,0247955322265625 
1,985788345336914 
0,043392181396484375 
0,0324249267578125 
0,043392181396484375 
0,026464462280273438 
0,02956390380859375 
0,03170967102050781 
0,05078315734863281 
0,03147125244140625 
0,031948089599609375 
0,03314018249511719 
0,040531158447265625 
0,031948089599609375 
0,09918212890625 
0,06413459777832031 
0,028848648071289062 
0,022411346435546875 
0,03361701965332031 
0,1163482666015625 
0,019311904907226562 
0,028371810913085938 
0,07796287536621094 
0,06937980651855469 
0,05221366882324219 
0,03337860107421875 
0,023365020751953125 
0,030994415283203125 
0,02384185791015625 
0,043392181396484375 
0,022649765014648438 
0,038623809814453125 
0,08726119995117188 
0,09107589721679688 
0,09083747863769531 
0,028133392333984375 
0,09751319885253906 
0,04458427429199219 
0,03600120544433594 
0,034809112548828125 
0,034809112548828125 
0,06461143493652344 
0,10585784912109375 
0,028133392333984375 
0,03266334533691406 
0,08296966552734375 
0,03361701965332031 
0,03457069396972656 
0,04935264587402344 
0,027894973754882812 
0,026464462280273438 
0,026941299438476562 
0,026464462280273438 
0,026226043701171875 
0,04363059997558594 
0,0324249267578125 
0,020503997802734375 
0,011682510375976562 
0,026941299438476562 
0,02288818359375 
0,019788742065429688 
0,009775161743164062 
0,008821487426757812 
0,016689300537109375 
0,01239776611328125 
0,010967254638671875 
0,009298324584960938 
0,00858306884765625 
0,008344650268554688 
0,015974044799804688 
0,0095367431640625 
0,021457672119140625 
0,03218650817871094 
0,0286102294921875 
0,016450881958007812 
0,016689300537109375 
0,1239776611328125 
0,019073486328125 
0,021457672119140625 
0,019311904907226562 
0,031232833862304688 
0,017404556274414062 
0,010013580322265625 
0,019311904907226562 
0,01049041748046875 
0,010013580322265625 
0,018835067749023438 
0,0209808349609375 
0,016927719116210938 
0,018835067749023438 
0,023126602172851562 
0,017642974853515625 
0,011920928955078125 
0,010728836059570312 
0,020742416381835938 
0,010967254638671875 
0,01049041748046875 
0,018596649169921875 
0,010251998901367188 
0,015020370483398438 
0,01239776611328125 
0,00858306884765625 
0,012636184692382812 
0,007867813110351562 
0,012636184692382812 
0,009059906005859375 
0,008106231689453125 
0,008821487426757812 
0,00858306884765625 
0,007867813110351562 
0,017642974853515625 
0,009298324584960938 
0,0133514404296875 
0,008106231689453125 
0,00858306884765625 
0,021457672119140625 
0,01239776611328125 
0,02002716064453125 
0,015497207641601562 
0,0457763671875 
0,010967254638671875 
0,03457069396972656 
0,015974044799804688 
0,022172927856445312 
0,010728836059570312 
0,026702880859375 
0,010728836059570312 
0,01621246337890625 
0,027179718017578125 
0,0247955322265625 
0,022172927856445312 
0,01621246337890625 
0,021696090698242188 
0,01430511474609375 
0,019550323486328125 
0,018358230590820312 
0,01049041748046875 
0,0152587890625 
0,024557113647460938 
0,010251998901367188 
0,008821487426757812 
0,007867813110351562 
0,008821487426757812 
0,027894973754882812 
0,00858306884765625 
0,008106231689453125 
0,008344650268554688 
0,018358230590820312 
0,00858306884765625 
0,007867813110351562 
0,00858306884765625 
0,008821487426757812 
0,008344650268554688 
0,00858306884765625 
0,008106231689453125 
0,008821487426757812 
0,012874603271484375 
0,0171661376953125 
0,008344650268554688 
0,015497207641601562 
0,016450881958007812 
0,024080276489257812 
0,009775161743164062 
0,010013580322265625 
0,014066696166992188 
0,01049041748046875 
0,009298324584960938 
0,02384185791015625 
0,0152587890625 
0,023365020751953125 
0,0152587890625 
0,011444091796875 
0,01239776611328125 
0,012636184692382812 
0,02956390380859375 
0,024080276489257812 
0,034809112548828125 
0,030755996704101562 
0,03552436828613281 
0,018358230590820312 
0,01239776611328125 
0,008106231689453125 
0,008821487426757812 
0,013828277587890625 
0,0073909759521484375 
0,008106231689453125 
0,012159347534179688 
0,01239776611328125 
0,018596649169921875 
0,010251998901367188 
0,008344650268554688 
0,009298324584960938 
0,018835067749023438 
0,021457672119140625 
0,016450881958007812 
0,014543533325195312 
0,0209808349609375 
0,010728836059570312 
0,0286102294921875 
0,019788742065429688 
0,027418136596679688 
0,02384185791015625 
0,03886222839355469 
0,018835067749023438 
0,028848648071289062 
0,018358230590820312 
0,02384185791015625 
0,019073486328125 
0,027179718017578125 
0,033855438232421875 
0,09655952453613281 
0,041961669921875 
0,021219253540039062 
0,022411346435546875 
0,027179718017578125 
0,025510787963867188 
0,046253204345703125 
0,10132789611816406 
0,05793571472167969 
0,032901763916015625 
0,04076957702636719 
0,030994415283203125 
0,04363059997558594 
0,03790855407714844 
0,05936622619628906 
0,04410743713378906 
0,05269050598144531 
0,064849853515625 
0,04553794860839844 
0,033855438232421875 
0,019311904907226562 
0,011682510375976562 
0,012636184692382812 
0,01621246337890625 
0,0152587890625 
0,019311904907226562 
0,014543533325195312 
0,010013580322265625 
0,019311904907226562 
0,020742416381835938 
0,018596649169921875 
0,027894973754882812 
0,029325485229492188 
0,019311904907226562 
0,03218650817871094 
0,018596649169921875 
0,03504753112792969 
0,022172927856445312 
0,028371810913085938 
0,0286102294921875 
0,02002716064453125 
0,022172927856445312 
0,03361701965332031 
0,03886222839355469 
0,04506111145019531 
0,043392181396484375 
0,04124641418457031 
0,03314018249511719 
0,04410743713378906 
0,037670135498046875 
0,03314018249511719 
0,04482269287109375 
0,048160552978515625 
0,037670135498046875 
0,030755996704101562 
0,04291534423828125 
0,04553794860839844 
0,0286102294921875 
0,03147125244140625 
0,04673004150390625 
0,048160552978515625 
0,062465667724609375 
0,05078315734863281 
0,048160552978515625 
0,034332275390625 
0,035762786865234375 
0,038623809814453125 
0,027179718017578125 
0,030040740966796875 
0,02956390380859375 
0,04220008850097656 
0,04267692565917969 
0,05435943603515625 
0,04267692565917969 
0,04076957702636719 
0,057697296142578125 
0,034809112548828125 
0,034809112548828125 
0,03337860107421875 
0,03600120544433594 
0,03147125244140625 
0,0324249267578125 
0,049114227294921875 
0,08153915405273438 
0,04696846008300781 
0,018835067749023438 
0,027894973754882812 
0,0247955322265625 
0,02765655517578125 
0,016927719116210938 
0,027894973754882812 
0,009059906005859375 
0,008344650268554688 
0,008821487426757812 
0,009059906005859375 
0,01621246337890625 
0,008344650268554688 
0,019550323486328125 
0,01049041748046875 
0,015020370483398438 
0,025033950805664062 
0,0209808349609375 
0,008821487426757812 
0,01430511474609375 
0,020742416381835938 
0,020503997802734375 
0,043392181396484375 
0,009059906005859375 
0,17499923706054688 
0,03719329833984375 
0,03314018249511719 
0,02193450927734375 
0,05602836608886719 
0,025272369384765625 
0,020503997802734375 
0,025510787963867188 
0,019311904907226562 
0,028133392333984375 
0,020742416381835938 
0,019311904907226562 
0,017404556274414062 
0,02574920654296875 
0,016689300537109375 
0,011920928955078125 
0,022411346435546875 
0,017881393432617188 
0,012874603271484375 
0,016927719116210938 
0,010251998901367188 
0,00858306884765625 
0,01430511474609375 
0,008821487426757812 
0,00858306884765625 
0,009059906005859375 
0,009059906005859375 
0,010013580322265625 
0,00858306884765625 
0,008106231689453125 
0,014543533325195312 
0,00858306884765625 
0,012636184692382812 
0,007867813110351562 
0,01430511474609375 
0,008106231689453125 
0,018596649169921875 
0,00858306884765625 
0,007867813110351562 
0,014543533325195312 
0,018358230590820312 
0,023603439331054688 
0,022649765014648438 
0,024557113647460938 
0,025272369384765625 
0,023126602172851562 
0,020265579223632812 
0,019073486328125 
0,02002716064453125 
0,0247955322265625 
0,026702880859375 
0,026226043701171875 
0,03695487976074219 
0,010251998901367188 
0,016450881958007812 
0,010251998901367188 
0,022649765014648438 
0,010251998901367188 
0,01049041748046875 
0,0095367431640625 
0,0171661376953125 
0,007867813110351562 
0,00762939453125 
0,008344650268554688 
0,015020370483398438 
0,007867813110351562 
0,019073486328125 
0,051021575927734375 
0,016450881958007812 
0,009059906005859375 
0,009298324584960938 
0,008344650268554688 
0,009059906005859375 
0,008821487426757812 
0,0133514404296875 
0,008106231689453125 
0,00762939453125 
0,013828277587890625 
0,008821487426757812 
0,007867813110351562 
0,015497207641601562 
0,00858306884765625 
0,007867813110351562 
0,008344650268554688 
0,010013580322265625 
0,01811981201171875 
0,00858306884765625 
0,019311904907226562 
0,00858306884765625 
0,019788742065429688 
0,008821487426757812 
0,00858306884765625 
0,009775161743164062 
0,00858306884765625 
0,015020370483398438 
0,028848648071289062 
0,0133514404296875 
0,020503997802734375 
0,014066696166992188 
0,015020370483398438 
0,014781951904296875 
0,008344650268554688 
0,014781951904296875 
0,013589859008789062 
0,019073486328125 
0,013589859008789062 
0,008106231689453125 
0,014543533325195312 
0,015020370483398438 
0,008821487426757812 
0,008344650268554688 
0,015020370483398438 
0,012874603271484375 
0,018358230590820312 
0,0095367431640625 
0,008821487426757812 
0,018596649169921875 
0,017881393432617188 
0,012159347534179688 
0,01430511474609375 
0,01621246337890625 
0,021457672119140625 
0,030517578125 
0,01811981201171875 
0,01811981201171875 
0,0171661376953125 
0,01621246337890625 
0,018358230590820312 
0,02002716064453125 
0,018835067749023438 
0,010967254638671875 
0,02288818359375 
0,02193450927734375 
0,02002716064453125 
0,0209808349609375 
0,022172927856445312 
0,03337860107421875 
0,023603439331054688 
0,022649765014648438 
0,03838539123535156 
0,026941299438476562 
0,06508827209472656 
0,05817413330078125 
0,03409385681152344 
0,06103515625 
0,03314018249511719 
0,034809112548828125 
0,04601478576660156 
0,026941299438476562 
0,07319450378417969 
0,027418136596679688 
0,03266334533691406 
0,04100799560546875 
0,03600120544433594 
0,031948089599609375 
0,038623809814453125 
0,033855438232421875 
0,03981590270996094 
0,04673004150390625 
0,02765655517578125 
0,03266334533691406 
0,06079673767089844 
0,03266334533691406 
0,05936622619628906 
0,04363059997558594 
0,03314018249511719 
0,04220008850097656 
0,032901763916015625 
0,03814697265625 
0,04696846008300781 
0,03218650817871094 
0,04100799560546875 
0,06985664367675781 
0,029325485229492188 
0,034332275390625 
0,028848648071289062 
0,04673004150390625 
0,038623809814453125 
0,027418136596679688 
0,038623809814453125 
0,062465667724609375 
0,025510787963867188 
0,03528594970703125 
0,03790855407714844 
0,03266334533691406 
0,025272369384765625 
0,0324249267578125 
0,025510787963867188 
0,04839897155761719 
0,0247955322265625 
0,027418136596679688 
0,034809112548828125 
0,03695487976074219 
0,04744529724121094 
0,030755996704101562 
0,06365776062011719 
0,0286102294921875 
0,03147125244140625 
0,030040740966796875 
0,044345855712890625 
0,026226043701171875 
0,03504753112792969 
0,03361701965332031 
0,031948089599609375 
0,04839897155761719 
0,03457069396972656 
0,03528594970703125 
0,08273124694824219 
0,08440017700195312 
0,10442733764648438 
0,07271766662597656 
0,03647804260253906 
0,03552436828613281 
0,039577484130859375 
0,048160552978515625 
0,0400543212890625 
0,030279159545898438 
0,058650970458984375 
0,042438507080078125 
0,03838539123535156 
0,04291534423828125 
0,091552734375 
0,0400543212890625 
0,10967254638671875 
0,17499923706054688 
0,12230873107910156 
0,08273124694824219 
0,07653236389160156 
0,09131431579589844 
0,1068115234375 
0,036716461181640625 
0,026226043701171875 
0,027894973754882812 
0,027418136596679688 
0,027418136596679688 
0,025272369384765625 
0,0247955322265625 
0,06628036499023438 
0,06008148193359375 
0,026226043701171875 
0,07033348083496094 
0,0667572021484375 
0,11467933654785156 
0,05841255187988281 
0,04315376281738281 
0,06699562072753906 
0,03600120544433594 
0,04172325134277344 
0,08845329284667969 
0,10991096496582031 
0,1285076141357422 
0,04863739013671875 
0,032901763916015625 
0,04315376281738281 
0,0514984130859375 
0,05269050598144531 
0,05626678466796875 
0,034332275390625 
0,044345855712890625 
0,0762939453125 
0,04482269287109375 
0,04124641418457031 
0,04601478576660156 
0,03409385681152344 
0,12063980102539062 
0,07128715515136719 
0,05745887756347656 
0,030755996704101562 
0,05078315734863281 
0,04482269287109375 
0,03719329833984375 
0,0324249267578125 
0,04315376281738281 
0,035762786865234375 
0,04029273986816406 
0,0286102294921875 
0,026226043701171875 
0,029802322387695312 
0,03790855407714844 
0,025272369384765625 
0,03719329833984375 
0,034809112548828125 
0,04744529724121094 
0,041961669921875 
0,05650520324707031 
0,05602836608886719 
0,038623809814453125 
0,04553794860839844 
0,044345855712890625 
0,04172325134277344 
0,05888938903808594 
0,0400543212890625 
0,029325485229492188 
0,025272369384765625 
0,024557113647460938 
0,03337860107421875 
0,010967254638671875 
0,027179718017578125 
0,014543533325195312 
0,0152587890625 
0,018358230590820312 
0,007867813110351562 
0,007867813110351562 
0,01239776611328125 
0,013113021850585938 
0,008821487426757812 
0,017404556274414062 
0,015974044799804688 
0,016450881958007812 
0,011444091796875 
0,008106231689453125 
0,014781951904296875 
0,008344650268554688 
0,00762939453125 
0,012159347534179688 
0,015735626220703125 
0,01430511474609375 
0,015497207641601562 
0,009298324584960938 
0,008821487426757812 
0,010251998901367188 
0,010967254638671875 
0,025510787963867188 
0,03409385681152344 
0,02288818359375 
0,020742416381835938 
0,025033950805664062 
0,0247955322265625 
0,010251998901367188 
0,023365020751953125 
0,01621246337890625 
0,011205673217773438 
0,016689300537109375 
0,044345855712890625 
0,01430511474609375 
0,009775161743164062 
0,010251998901367188 
0,015974044799804688 
0,01049041748046875 
0,0152587890625 
0,0171661376953125 
0,025987625122070312 
0,022172927856445312 
0,016450881958007812 
0,028133392333984375 
0,020742416381835938 
0,007867813110351562 
0,023365020751953125 
0,04744529724121094 
0,07033348083496094 
0,020742416381835938 
0,033855438232421875 
0,029802322387695312 
0,023365020751953125 
0,034809112548828125 
0,02002716064453125 
0,030994415283203125 
0,06914138793945312 
0,05054473876953125 
0,057697296142578125 
0,04935264587402344 
0,061511993408203125 
0,043392181396484375 
0,05793571472167969 
1,1093616485595703 
0,04863739013671875 
0,14781951904296875 
0,0896453857421875 
0,20694732666015625 
0,209808349609375 
0,2694129943847656 
0,07462501525878906 
0,061511993408203125 
0,08153915405273438 
0,08130073547363281 
0,060558319091796875 
0,06389617919921875 
0,052928924560546875 
0,05793571472167969 
0,04458427429199219 
0,03814697265625 
0,049114227294921875 
0,040531158447265625 
0,04696846008300781 
0,047206878662109375 
0,043392181396484375 
0,031948089599609375 
0,07486343383789062 
0,0438690185546875 
0,03743171691894531 
0,04863739013671875 
0,03504753112792969 
0,039577484130859375 
0,032901763916015625 
0,020265579223632812 
0,012874603271484375 
0,012636184692382812 
0,026226043701171875 
0,04124641418457031 
0,013589859008789062 
0,017881393432617188 
0,023126602172851562 
0,01239776611328125 
0,030994415283203125 
0,023365020751953125 
0,019311904907226562 
0,015497207641601562 
0,030040740966796875 
0,026226043701171875 
0,030279159545898438 
0,023126602172851562 
0,028371810913085938 
0,028371810913085938 
0,02002716064453125 
0,02288818359375 
0,012874603271484375 
0,055789947509765625 
0,027894973754882812 
0,030755996704101562 
0,019550323486328125 
0,016450881958007812 
0,030755996704101562 
0,030994415283203125 
0,035762786865234375 
0,022172927856445312 
0,028848648071289062 
0,030279159545898438 
0,034332275390625 
0,07033348083496094 
0,04506111145019531 
0,04410743713378906 
0,047206878662109375 
0,029325485229492188 
0,02765655517578125 
0,0247955322265625 
0,042438507080078125 
0,031232833862304688 
0,027894973754882812 
0,0457763671875 
0,053882598876953125 
0,03337860107421875 
0,04029273986816406 
0,04410743713378906 
0,04649162292480469 
0,0324249267578125 
0,031232833862304688 
0,030994415283203125 
0,051975250244140625 
0,08344650268554688 
0,05173683166503906 
0,04363059997558594 
0,06103515625 
0,06031990051269531 
0,034809112548828125 
0,09703636169433594 
0,026702880859375 
0,023365020751953125 
0,018835067749023438 
0,030279159545898438 
0,02193450927734375 
0,012874603271484375 
0,01811981201171875 
0,011205673217773438 
0,025272369384765625 
0,1087188720703125 
0,07176399230957031 
0,02193450927734375 
0,015735626220703125 
0,022649765014648438 
0,0171661376953125 
0,0133514404296875 
0,019550323486328125 
0,020742416381835938 
0,009775161743164062 
0,018835067749023438 
0,014781951904296875 
0,019550323486328125 
0,015497207641601562 
0,014543533325195312 
0,04100799560546875 
0,017404556274414062 
0,0629425048828125 
0,008821487426757812 
0,015974044799804688 
0,0095367431640625 
0,03361701965332031 
0,019073486328125 
0,013589859008789062 
0,015020370483398438 
0,04172325134277344 
0,019788742065429688 
0,0152587890625 
0,00858306884765625 
0,03838539123535156 
0,009059906005859375 
0,0152587890625 
0,02002716064453125 
0,016689300537109375 
0,025987625122070312 
0,0152587890625 
0,01049041748046875 
0,06532669067382812 
0,03743171691894531 
0,024557113647460938 
0,027894973754882812 
0,012636184692382812 
0,030994415283203125 
0,026464462280273438 
0,025987625122070312 
0,023603439331054688 
0,010967254638671875 
0,010967254638671875 
0,026226043701171875 
0,030755996704101562 
0,019311904907226562 
0,01049041748046875 
0,010013580322265625 
0,010251998901367188 
0,010251998901367188 
0,010967254638671875 
0,008106231689453125 
0,008344650268554688 
0,011682510375976562 
0,008344650268554688 
0,00858306884765625 
0,016450881958007812 
0,016450881958007812 
0,008344650268554688 
0,008106231689453125 
0,010967254638671875 
0,008344650268554688 
0,021457672119140625 
0,01621246337890625 
0,013828277587890625 
0,014543533325195312 
0,0171661376953125 
0,00858306884765625 
0,00858306884765625 
0,017404556274414062 
0,015974044799804688 
0,016927719116210938 
0,017881393432617188 
0,010013580322265625 
0,010251998901367188 
0,01239776611328125 
0,01239776611328125 
0,0247955322265625 
0,019073486328125 
0,017642974853515625 
0,016689300537109375 
0,04744529724121094 
0,010967254638671875 
0,011205673217773438 
0,010728836059570312 
0,026226043701171875 
0,01430511474609375 
0,011444091796875 
0,02288818359375 
0,027894973754882812 
0,018358230590820312 
0,015974044799804688 
0,009059906005859375 
0,00858306884765625 
0,007867813110351562 
0,013828277587890625 
0,009059906005859375 
0,009298324584960938 
0,014066696166992188 
0,017642974853515625 
0,009298324584960938 
0,01811981201171875 
0,017881393432617188 
0,02956390380859375 
0,0152587890625 
0,012636184692382812 
0,007867813110351562 
0,009059906005859375 
0,007867813110351562 
0,025510787963867188 
0,02002716064453125 
0,01811981201171875 
0,01049041748046875 
0,019073486328125 
0,010728836059570312 
0,018596649169921875 
0,025272369384765625 
0,019788742065429688 
0,024318695068359375 
0,018596649169921875 
0,010967254638671875 
0,030279159545898438 
0,06127357482910156 
0,03314018249511719 
0,08130073547363281 
0,031232833862304688 
0,046253204345703125 
0,025272369384765625 
0,01811981201171875 
0,023603439331054688 
0,025510787963867188 
0,01811981201171875 
0,015020370483398438 
0,009059906005859375 
0,030279159545898438 
0,008106231689453125 
0,039577484130859375 
0,04076957702636719 
0,0247955322265625 
0,024318695068359375 
0,02956390380859375 
0,019073486328125 
0,015497207641601562 
0,008821487426757812 
0,015020370483398438 
0,00858306884765625 
0,008821487426757812 
0,008106231689453125 
0,014543533325195312 
0,008106231689453125 
0,007867813110351562 
0,010251998901367188 
0,012636184692382812 
0,01049041748046875 
0,028848648071289062 
0,01049041748046875 
0,010013580322265625 
0,010013580322265625 
0,010013580322265625 
0,010251998901367188 
0,0171661376953125 
0,019311904907226562 
0,01049041748046875 
0,009775161743164062 
0,01049041748046875 
0,010967254638671875 
0,021457672119140625 
0,010013580322265625 
0,01811981201171875 
0,029325485229492188 
0,0095367431640625 
0,008106231689453125 
0,016450881958007812 
0,008344650268554688 
0,00858306884765625 
0,01049041748046875 
0,020503997802734375 
0,0152587890625 
1,7385482788085938 
0,034332275390625 
0,02193450927734375 
0,026464462280273438 
0,06270408630371094 
0,09107589721679688 
0,08082389831542969 
0,029802322387695312 
0,021457672119140625 
0,02193450927734375 
0,02193450927734375 
0,016927719116210938 
0,019550323486328125 
0,030755996704101562 
0,024318695068359375 
0,02384185791015625 
0,03695487976074219 
0,021457672119140625 
0,025510787963867188 
0,011682510375976562 
0,010967254638671875 
0,013828277587890625 
0,01239776611328125 
0,01621246337890625 
0,019311904907226562 
0,015497207641601562 
0,009298324584960938 
0,027894973754882812 
0,010728836059570312 
0,016927719116210938 
0,010728836059570312 
0,023126602172851562 
0,013828277587890625 
0,028371810913085938 
0,0095367431640625 
0,01239776611328125 
0,0247955322265625 
0,03743171691894531 
0,04100799560546875 
0,0286102294921875 
0,02384185791015625 
0,026941299438476562 
0,022411346435546875 
0,028371810913085938 
0,04124641418457031 
0,07367134094238281 
0,018358230590820312 
0,0133514404296875 
0,020265579223632812 
0,013589859008789062 
0,0209808349609375 
0,018835067749023438 
0,0095367431640625 
0,05245208740234375 
0,032901763916015625 
0,015974044799804688 
0,014066696166992188 
0,009775161743164062 
0,02384185791015625 
0,034809112548828125 
0,020265579223632812 
0,01811981201171875 
0,04124641418457031 
0,02002716064453125 
0,011444091796875 
0,013828277587890625 
0,015497207641601562 
0,019550323486328125 
0,011920928955078125 
0,03814697265625 
0,019311904907226562 
0,018835067749023438 
0,0324249267578125 
0,018596649169921875 
0,015974044799804688 
0,030279159545898438 
0,025033950805664062 
0,024557113647460938 
0,017881393432617188 
0,027418136596679688 
0,03647804260253906 
0,031232833862304688 
0,04363059997558594 
0,0324249267578125 
0,042438507080078125 
0,023126602172851562 
0,025272369384765625 
0,046253204345703125 
0,021696090698242188 
0,0247955322265625 
0,026941299438476562 
0,0247955322265625 
0,030755996704101562 
0,0247955322265625 
0,030755996704101562 
0,05602836608886719 
0,05817413330078125 
0,07271766662597656 
0,034809112548828125 
0,028371810913085938 
0,034332275390625 
0,026941299438476562 
0,02574920654296875 
0,032901763916015625 
0,024080276489257812 
0,03361701965332031 
0,023365020751953125 
0,028133392333984375 
0,027179718017578125 
0,024557113647460938 
0,024080276489257812 
0,025987625122070312 
0,017404556274414062 
0,015735626220703125 
0,022172927856445312 
0,019311904907226562 
0,021696090698242188 
0,022649765014648438 
0,0286102294921875 
0,020265579223632812 
0,01430511474609375 
0,01621246337890625 
0,016450881958007812 
0,022172927856445312 
0,021696090698242188 
0,020265579223632812 
0,02002716064453125 
0,028848648071289062 
0,023365020751953125 
0,020742416381835938 
0,028371810913085938 
0,0171661376953125 
0,03814697265625 
0,030040740966796875 
0,027418136596679688 
0,030755996704101562 
0,02288818359375 
0,020265579223632812 
0,016927719116210938 
0,029325485229492188 
0,02765655517578125 
0,025033950805664062 
0,0247955322265625 
0,017642974853515625 
0,03504753112792969 
0,13875961303710938 
0,03314018249511719 
0,030517578125 
0,03743171691894531 
0,051975250244140625 
0,028371810913085938 
0,026464462280273438 
0,026464462280273438 
0,02384185791015625 
0,03647804260253906 
0,026464462280273438 
0,01621246337890625 
0,030040740966796875 
0,027179718017578125 
0,026702880859375 
0,020742416381835938 
0,019788742065429688 
0,033855438232421875 
0,010728836059570312 
0,0152587890625 
0,013113021850585938 
0,013589859008789062 
0,014781951904296875 
0,0069141387939453125 
0,015497207641601562 
0,010967254638671875 
0,012159347534179688 
0,027894973754882812 
0,020503997802734375 
0,016689300537109375 
0,015020370483398438 
0,015735626220703125 
0,019788742065429688 
0,019788742065429688 
0,020265579223632812 
0,016689300537109375 
0,01049041748046875 
0,008344650268554688 
0,023126602172851562 
0,008344650268554688 
0,026941299438476562 
0,02193450927734375 
0,014781951904296875 
0,06818771362304688 
0,025510787963867188 
0,008344650268554688 
0,010013580322265625 
0,00762939453125 
0,014781951904296875 
0,014543533325195312 
0,00667572021484375 
0,0064373016357421875 
0,013828277587890625 
0,006198883056640625 
0,016927719116210938 
0,0064373016357421875 
0,019073486328125 
0,014781951904296875 
0,017642974853515625 
0,015735626220703125 
0,01049041748046875 
0,014066696166992188 
0,015735626220703125 
0,01430511474609375 
0,014543533325195312 
0,015735626220703125 
0,017404556274414062 
0,016689300537109375 
0,008106231689453125 
0,009059906005859375 
0,00762939453125 
0,018835067749023438 
0,019788742065429688 
0,009298324584960938 
0,018358230590820312 
0,016450881958007812 
0,008821487426757812 
0,010728836059570312 
0,019073486328125 
0,0095367431640625 
0,017881393432617188 
0,019073486328125 
0,010013580322265625 
0,009298324584960938 
0,0133514404296875 
0,01811981201171875 
0,018596649169921875 
0,014543533325195312 
0,010728836059570312 
0,010728836059570312 
0,016450881958007812 
0,00667572021484375 
0,01621246337890625 
0,007867813110351562 
0,014781951904296875 
0,0069141387939453125 
0,0069141387939453125 
0,027894973754882812 
0,01621246337890625 
0,015497207641601562 
0,017881393432617188 
0,019550323486328125 
0,014781951904296875 
0,00667572021484375 
0,014781951904296875 
0,013828277587890625 
0,012159347534179688 
0,01049041748046875 
0,011920928955078125 
0,021457672119140625 
0,02574920654296875 
0,009775161743164062 
0,015020370483398438 
0,02765655517578125 
0,017642974853515625 
0,017881393432617188 
0,016689300537109375 
0,013113021850585938 
0,022411346435546875 
0,03790855407714844 
0,021457672119140625 
0,018358230590820312 
0,020742416381835938 
0,02002716064453125 
0,02002716064453125 
0,03170967102050781 
0,018596649169921875 
0,019788742065429688 
0,01430511474609375 
0,01811981201171875 
0,011205673217773438 
0,008106231689453125 
0,015497207641601562 
0,015974044799804688 
0,00667572021484375 
0,014066696166992188 
0,014543533325195312 
0,013828277587890625 
0,00667572021484375 
0,015020370483398438 
0,019550323486328125 
0,00667572021484375 
0,015735626220703125 
0,013113021850585938 
0,012636184692382812 
0,006198883056640625 
0,016927719116210938 
0,010728836059570312 
0,010013580322265625 
0,020742416381835938 
0,008106231689453125 
0,010013580322265625 
0,027179718017578125 
0,008106231689453125 
0,018596649169921875 
0,017881393432617188 
0,019073486328125 
0,018358230590820312 
0,00858306884765625 
0,016450881958007812 
0,00858306884765625 
0,020265579223632812 
0,03337860107421875 
0,026464462280273438 
0,017881393432617188 
0,022411346435546875 
0,008344650268554688 
0,021696090698242188 
0,0064373016357421875 
0,00667572021484375 
0,014781951904296875 
0,013589859008789062 
0,0069141387939453125 
0,0133514404296875 
0,00667572021484375 
0,0064373016357421875 
0,0064373016357421875 
0,010251998901367188 
0,00667572021484375 
0,015020370483398438 
0,016450881958007812 
0,014543533325195312 
0,014066696166992188 
0,00667572021484375 
0,013828277587890625 
0,014066696166992188 
0,014543533325195312 
0,01811981201171875 
0,016927719116210938 
0,020503997802734375 
0,010251998901367188 
0,017642974853515625 
0,024557113647460938 
0,019788742065429688 
0,020503997802734375 
0,024080276489257812 
0,008106231689453125 
0,008106231689453125 
0,010728836059570312 
0,0209808349609375 
0,015974044799804688 
0,018596649169921875 
0,0171661376953125 
0,03743171691894531 
0,034809112548828125 
0,015974044799804688 
0,02193450927734375 
0,011205673217773438 
0,017404556274414062 
0,008344650268554688 
0,01239776611328125 
0,018596649169921875 
0,014781951904296875 
0,007867813110351562 
0,011205673217773438 
0,00762939453125 
0,010728836059570312 
0,013589859008789062 
0,010013580322265625 
0,01049041748046875 
0,011920928955078125 
0,01049041748046875 
0,0064373016357421875 
0,010013580322265625 
0,021219253540039062 
0,016450881958007812 
0,023126602172851562 
0,014781951904296875 
0,019311904907226562 
0,008106231689453125 
0,0073909759521484375 
0,010251998901367188 
0,01049041748046875 
0,014781951904296875 
0,014066696166992188 
0,010728836059570312 
0,00667572021484375 
0,01430511474609375 
0,028848648071289062 
0,019311904907226562 
0,0152587890625 
0,015974044799804688 
0,025987625122070312 
0,023126602172851562 
0,023603439331054688 
0,01621246337890625 
0,023365020751953125 
0,019311904907226562 
0,025272369384765625 
0,02574920654296875 
0,023603439331054688 
0,0247955322265625 
0,03719329833984375 
0,03147125244140625 
0,023365020751953125 
0,036716461181640625 
0,029087066650390625 
0,017404556274414062 
0,023365020751953125 
0,022411346435546875 
0,020265579223632812 
0,029325485229492188 
0,029087066650390625 
0,019788742065429688 
0,036716461181640625 
0,03361701965332031 
0,03552436828613281 
0,016689300537109375 
0,014781951904296875 
0,027418136596679688 
0,03266334533691406 
0,021696090698242188 
0,024318695068359375 
0,09274482727050781 
0,01811981201171875 
0,02288818359375 
0,015020370483398438 
0,026941299438476562 
0,027894973754882812 
0,0514984130859375 
0,031948089599609375 
0,027418136596679688 
0,024318695068359375 
0,02765655517578125 
0,04315376281738281 
0,03266334533691406 
0,0171661376953125 
0,025033950805664062 
0,030517578125 
0,017404556274414062 
0,025033950805664062 
0,03910064697265625 
0,0705718994140625 
0,025272369384765625 
0,03719329833984375 
0,016927719116210938 
0,0209808349609375 
0,016689300537109375 
0,01621246337890625 
0,01621246337890625 
0,016689300537109375 
0,024080276489257812 
0,026464462280273438 
0,03147125244140625 
0,014781951904296875 
0,017404556274414062 
0,027418136596679688 
0,03147125244140625 
0,03170967102050781 
0,029802322387695312 
0,032901763916015625 
0,051975250244140625 
0,02574920654296875 
0,0286102294921875 
0,0400543212890625 
0,030994415283203125 
0,04887580871582031 
0,04744529724121094 
0,021457672119140625 
0,0324249267578125 
0,03790855407714844 
0,022649765014648438 
0,0171661376953125 
0,016689300537109375 
0,012874603271484375 
0,018596649169921875 
0,049114227294921875 
0,015735626220703125 
0,038623809814453125 
0,007152557373046875 
0,016689300537109375 
0,060558319091796875 
0,018596649169921875 
0,025033950805664062 
0,014781951904296875 
0,007867813110351562 
0,00762939453125 
0,0064373016357421875 
0,00667572021484375 
0,00858306884765625 
0,015497207641601562 
0,014543533325195312 
0,018358230590820312 
0,015497207641601562 
0,0152587890625 
0,006198883056640625 
0,00667572021484375 
0,008106231689453125 
0,015020370483398438 
0,007867813110351562 
0,01811981201171875 
0,01430511474609375 
0,018596649169921875 
0,015974044799804688 
0,016927719116210938 
0,008106231689453125 
0,016689300537109375 
0,007867813110351562 
0,007867813110351562 
0,007867813110351562 
0,012874603271484375 
0,01811981201171875 
0,011444091796875 
0,021219253540039062 
0,02288818359375 
0,0171661376953125 
0,0362396240234375 
0,020742416381835938 
0,024318695068359375 
0,010967254638671875 
0,0324249267578125 
0,014781951904296875 
0,01811981201171875 
0,0476837158203125 
0,01239776611328125 
0,010013580322265625 
0,019550323486328125 
0,017881393432617188 
0,01430511474609375 
0,012636184692382812 
0,0133514404296875 
0,01239776611328125 
0,0133514404296875 
0,008821487426757812 
0,007152557373046875 
0,013589859008789062 
0,008344650268554688 
0,016689300537109375 
0,02193450927734375 
0,00762939453125 
0,00762939453125 
0,007867813110351562 
0,008344650268554688 
0,01430511474609375 
0,01621246337890625 
0,015497207641601562 
0,01049041748046875 
0,019788742065429688 
0,020742416381835938 
0,018358230590820312 
0,018358230590820312 
0,017881393432617188 
0,016689300537109375 
0,025510787963867188 
0,02002716064453125 
0,0095367431640625 
0,011920928955078125 
0,007867813110351562 
0,01430511474609375 
0,008106231689453125 
0,013113021850585938 
0,011920928955078125 
0,011205673217773438 
0,010728836059570312 
0,014543533325195312 
0,015020370483398438 
0,015735626220703125 
0,013113021850585938 
0,00762939453125 
0,015974044799804688 
0,0064373016357421875 
0,012874603271484375 
0,014066696166992188 
0,016450881958007812 
0,022649765014648438 
0,013589859008789062 
0,0064373016357421875 
0,008106231689453125 
0,01811981201171875 
0,008344650268554688 
0,013828277587890625 
0,007867813110351562 
0,009059906005859375 
0,022649765014648438 
0,00762939453125 
0,018358230590820312 
0,015020370483398438 
0,018358230590820312 
0,016927719116210938 
0,013113021850585938 
0,013828277587890625 
0,026464462280273438 
0,02193450927734375 
0,013828277587890625 
0,013589859008789062 
0,020265579223632812 
0,0667572021484375 
0,013113021850585938 
0,014543533325195312 
0,025987625122070312 
0,011682510375976562 
0,013828277587890625 
0,015735626220703125 
0,019550323486328125 
0,0133514404296875 
0,012874603271484375 
0,0073909759521484375 
0,014066696166992188 
0,008106231689453125 
0,01239776611328125 
0,00762939453125 
0,014781951904296875 
0,015020370483398438 
0,011920928955078125 
0,018835067749023438 
0,01049041748046875 
0,00762939453125 
0,01430511474609375 
0,00858306884765625 
0,012159347534179688 
0,009298324584960938 
0,01430511474609375 
0,008106231689453125 
0,010251998901367188 
0,0152587890625 
0,010251998901367188 
0,009059906005859375 
0,019550323486328125 
0,017642974853515625 
0,012636184692382812 
0,0064373016357421875 
0,00667572021484375 
0,013589859008789062 
1,0297298431396484 
0,110626220703125 
0,020742416381835938 
0,019550323486328125 
0,025987625122070312 
0,0152587890625 
0,01049041748046875 
0,015735626220703125 
0,017642974853515625 
0,015974044799804688 
0,0095367431640625 
0,015974044799804688 
0,018596649169921875 
0,017404556274414062 
0,021219253540039062 
0,009775161743164062 
0,022649765014648438 
0,04482269287109375 
0,019550323486328125 
0,017881393432617188 
0,024080276489257812 
0,011444091796875 
0,0247955322265625 
0,033855438232421875 
0,017642974853515625 
0,020265579223632812 
0,013589859008789062 
0,029087066650390625 
0,024318695068359375 
0,03218650817871094 
0,014066696166992188 
0,009298324584960938 
0,013828277587890625 
0,016450881958007812 
0,011920928955078125 
0,00858306884765625 
0,031232833862304688 
0,0095367431640625 
0,027179718017578125 
0,009059906005859375 
0,008106231689453125 
0,028371810913085938 
0,024080276489257812 
0,0171661376953125 
0,025272369384765625 
1,177072525024414 
0,016450881958007812 
0,03170967102050781 
0,015974044799804688 
0,021457672119140625 
0,03552436828613281 
0,013113021850585938 
0,015735626220703125 
0,011444091796875 
0,013828277587890625 
0,010251998901367188 
0,019073486328125 
0,010013580322265625 
0,0095367431640625 
0,010967254638671875 
0,019550323486328125 
0,008821487426757812 
0,009298324584960938 
0,00762939453125 
0,00762939453125 
0,014543533325195312 
0,01811981201171875 
0,0073909759521484375 
0,0073909759521484375 
0,010967254638671875 
0,016927719116210938 
0,00762939453125 
0,00858306884765625 
0,008344650268554688 
0,026226043701171875 
0,008344650268554688 
0,018596649169921875 
0,016689300537109375 
0,023126602172851562 
0,009059906005859375 
0,018358230590820312 
0,0073909759521484375 
0,007152557373046875 
0,009059906005859375 
0,0095367431640625 
0,009059906005859375 
0,009298324584960938 
0,014066696166992188 
0,008821487426757812 
0,02765655517578125 
0,026702880859375 
0,031232833862304688 
0,014066696166992188 
0,03886222839355469 
0,019311904907226562 
0,009059906005859375 
0,009059906005859375 
0,00858306884765625 
0,022172927856445312 
0,009775161743164062 
0,02288818359375 
0,009298324584960938 
0,020742416381835938 
0,01430511474609375 
0,008106231689453125 
0,008106231689453125 
0,01430511474609375 
0,00858306884765625 
0,010013580322265625 
0,010251998901367188 
0,015735626220703125 
0,022649765014648438 
0,016450881958007812 
0,016927719116210938 
0,017642974853515625 
0,023603439331054688 
0,023365020751953125 
0,013828277587890625 
0,01621246337890625 
0,023365020751953125 
0,016689300537109375 
0,01621246337890625 
0,025510787963867188 
0,022411346435546875 
0,028133392333984375 
0,057697296142578125 
0,030040740966796875 
0,0324249267578125 
0,026941299438476562 
0,03361701965332031 
0,03981590270996094 
0,025272369384765625 
0,037670135498046875 
0,031232833862304688 
0,030040740966796875 
0,04410743713378906 
0,030755996704101562 
0,027894973754882812 
0,024318695068359375 
0,025987625122070312 
0,024080276489257812 
0,04363059997558594 
0,037670135498046875 
0,024080276489257812 
0,01811981201171875 
0,0133514404296875 
0,013113021850585938 
0,01811981201171875 
0,023126602172851562 
0,019311904907226562 
0,0400543212890625 
0,031948089599609375 
0,026464462280273438 
0,02574920654296875 
0,021219253540039062 
0,0152587890625 
0,0152587890625 
0,013589859008789062 
0,01430511474609375 
0,02574920654296875 
0,03504753112792969 
0,018596649169921875 
0,025510787963867188 
0,029802322387695312 
0,030994415283203125 
0,0171661376953125 
0,028371810913085938 
0,025987625122070312 
0,0247955322265625 
0,023126602172851562 
0,07104873657226562 
0,018596649169921875 
0,03695487976074219 
0,03552436828613281 
0,020742416381835938 
0,023603439331054688 
0,027179718017578125 
0,034809112548828125 
0,026464462280273438 
0,023603439331054688 
0,019788742065429688 
0,02193450927734375 
0,013828277587890625 
0,027894973754882812 
0,015497207641601562 
0,014066696166992188 
0,02193450927734375 
0,10204315185546875 
0,014066696166992188 
0,020503997802734375 
0,024557113647460938 
0,023365020751953125 
0,023126602172851562 
0,017404556274414062 
0,016927719116210938 
0,021696090698242188 
0,014066696166992188 
0,014781951904296875 
0,02288818359375 
0,01430511474609375 
0,013828277587890625 
0,023603439331054688 
0,024318695068359375 
0,03600120544433594 
0,035762786865234375 
0,01811981201171875 
0,028371810913085938 
0,016689300537109375 
0,017404556274414062 
0,015497207641601562 
0,021219253540039062 
0,03695487976074219 
0,02288818359375 
0,021696090698242188 
0,013589859008789062 
0,018596649169921875 
0,026941299438476562 
0,022172927856445312 
0,0171661376953125 
0,017881393432617188 
0,023365020751953125 
0,01239776611328125 
0,012874603271484375 
0,010251998901367188 
0,014543533325195312 
0,018358230590820312 
0,025510787963867188 
0,011920928955078125 
0,010251998901367188 
0,0095367431640625 
0,011205673217773438 
0,00667572021484375 
0,018835067749023438 
0,015020370483398438 
0,011682510375976562 
0,01049041748046875 
0,009298324584960938 
0,020742416381835938 
0,0133514404296875 
0,014543533325195312 
0,019073486328125 
0,00858306884765625 
0,008821487426757812 
0,016450881958007812 
0,008106231689453125 
0,010967254638671875 
0,020265579223632812 
0,014543533325195312 
0,031948089599609375 
0,015735626220703125 
0,00858306884765625 
0,01621246337890625 
0,015497207641601562 
0,019788742065429688 
0,017642974853515625 
0,020742416381835938 
0,01811981201171875 
0,010967254638671875 
0,011682510375976562 
0,0171661376953125 
0,02384185791015625 
0,009775161743164062 
0,01811981201171875 
0,016927719116210938 
0,015974044799804688 
0,00762939453125 
0,0171661376953125 
0,018358230590820312 
0,0064373016357421875 
0,01049041748046875 
0,007867813110351562 
0,0069141387939453125 
0,014781951904296875 
0,014066696166992188 
0,008106231689453125 
0,01049041748046875 
0,008344650268554688 
0,014781951904296875 
0,011444091796875 
0,00667572021484375 
0,015974044799804688 
0,00667572021484375 
0,010728836059570312 
0,013589859008789062 
0,02193450927734375 
0,010251998901367188 
0,01049041748046875 
0,014066696166992188 
0,012636184692382812 
0,019073486328125 
0,013828277587890625 
0,018358230590820312 
0,0209808349609375 
0,010013580322265625 
0,015020370483398438 
0,01811981201171875 
0,020742416381835938 
0,02193450927734375 
0,021696090698242188 
0,010251998901367188 
0,013113021850585938 
0,017881393432617188 
0,007867813110351562 
0,011682510375976562 
0,00667572021484375 
0,013589859008789062 
0,0133514404296875 
0,011920928955078125 
0,014781951904296875 
0,010728836059570312 
0,01430511474609375 
0,010728836059570312 
0,0064373016357421875 
0,013589859008789062 
0,013828277587890625 
0,023365020751953125 
0,015020370483398438 
0,014543533325195312 
0,012874603271484375 
0,006198883056640625 
0,013589859008789062 
0,01049041748046875 
0,015020370483398438 
0,0209808349609375 
0,01430511474609375 
0,0133514404296875 
0,02574920654296875 
0,013589859008789062 
0,0171661376953125 
0,0133514404296875 
0,011920928955078125 
0,008344650268554688 
0,014781951904296875 
0,024318695068359375 
0,013113021850585938 
0,017881393432617188 
0,02193450927734375 
0,019073486328125 
0,0095367431640625 
0,020742416381835938 
0,011205673217773438 
0,016927719116210938 
0,0171661376953125 
0,014543533325195312 
0,019311904907226562 
0,01811981201171875 
0,014781951904296875 
0,016927719116210938 
0,008106231689453125 
0,0286102294921875 
0,014543533325195312 
0,010728836059570312 
0,11491775512695312 
0,0069141387939453125 
0,0324249267578125 
0,02384185791015625 
0,03457069396972656 
0,01811981201171875 
0,011682510375976562 
0,016450881958007812 
0,024080276489257812 
0,12230873107910156 
0,01621246337890625 
0,007867813110351562 
0,008344650268554688 
0,0152587890625 
0,015735626220703125 
0,008821487426757812 
0,01621246337890625 
0,007867813110351562 
0,01621246337890625 
0,008821487426757812 
0,030040740966796875 
0,008106231689453125 
0,008344650268554688 
0,008344650268554688 
0,008344650268554688 
0,007867813110351562 
0,009059906005859375 
0,008821487426757812 
0,009298324584960938 
0,008344650268554688 
0,008106231689453125 
0,008106231689453125 
0,015974044799804688 
0,012874603271484375 
0,008106231689453125 
0,015497207641601562 
0,007867813110351562 
0,015974044799804688 
0,020265579223632812 
0,016927719116210938 
0,016450881958007812 
0,019073486328125 
0,015974044799804688 
0,0095367431640625 
0,0324249267578125 
0,014543533325195312 
0,019311904907226562 
0,019073486328125 
0,0152587890625 
0,012874603271484375 
0,01430511474609375 
0,015735626220703125 
0,011205673217773438 
0,02002716064453125 
0,023126602172851562 
0,018358230590820312 
0,01049041748046875 
0,020503997802734375 
0,02002716064453125 
0,015497207641601562 
0,010728836059570312 
0,010013580322265625 
0,010251998901367188 
0,020265579223632812 
0,010013580322265625 
0,010728836059570312 
0,018835067749023438 
0,01621246337890625 
0,015735626220703125 
0,020503997802734375 
0,016927719116210938 
0,009298324584960938 
0,008821487426757812 
0,014543533325195312 
0,016450881958007812 
0,019311904907226562 
0,0209808349609375 
0,017642974853515625 
0,017642974853515625 
0,01049041748046875 
0,0095367431640625 
0,008344650268554688 
0,028371810913085938 
0,022172927856445312 
0,027894973754882812 
0,023126602172851562 
0,06103515625 
0,013828277587890625 
0,03719329833984375 
0,037670135498046875 
0,03147125244140625 
0,02574920654296875 
0,035762786865234375 
0,0362396240234375 
0,03719329833984375 
0,039577484130859375 
0,04029273986816406 
0,07891654968261719 
0,017642974853515625 
0,01430511474609375 
0,009775161743164062 
0,00858306884765625 
0,0171661376953125 
0,009775161743164062 
0,009298324584960938 
0,023603439331054688 
0,008344650268554688 
0,008106231689453125 
0,015497207641601562 
0,017404556274414062 
0,01049041748046875 
0,011682510375976562 
0,018835067749023438 
0,010251998901367188 
0,02002716064453125 
0,013828277587890625 
0,01049041748046875 
0,0133514404296875 
0,021219253540039062 
0,017642974853515625 
0,02288818359375 
0,0362396240234375 
0,01049041748046875 
0,02002716064453125 
0,010967254638671875 
0,016450881958007812 
0,025510787963867188 
0,028371810913085938 
0,03552436828613281 
0,015735626220703125 
0,009298324584960938 
0,041484832763671875 
0,020503997802734375 
0,009298324584960938 
0,016689300537109375 
0,009059906005859375 
0,009298324584960938 
0,04291534423828125 
0,014066696166992188 
0,019788742065429688 
0,03719329833984375 
0,09632110595703125 
0,011205673217773438 
0,020742416381835938 
0,020503997802734375 
0,007867813110351562 
0,007867813110351562 
0,015020370483398438 
0,027894973754882812 
0,008821487426757812 
0,0095367431640625 
0,01621246337890625 
0,01621246337890625 
0,010251998901367188 
0,018358230590820312 
0,024318695068359375 
0,024318695068359375 
0,02288818359375 
0,051975250244140625 
0,05507469177246094 
0,024557113647460938 
0,05412101745605469 
0,019788742065429688 
0,021457672119140625 
0,023126602172851562 
0,030994415283203125 
0,023603439331054688 
0,02193450927734375 
0,019073486328125 
0,035762786865234375 
0,021219253540039062 
0,056743621826171875 
0,03504753112792969 
0,049114227294921875 
0,022411346435546875 
0,04887580871582031 
0,026702880859375 
0,025510787963867188 
0,04172325134277344 
0,03933906555175781 
0,020265579223632812 
0,02002716064453125 
0,02574920654296875 
0,016450881958007812 
0,018596649169921875 
0,01811981201171875 
0,029087066650390625 
0,015974044799804688 
0,030755996704101562 
0,03361701965332031 
0,05602836608886719 
0,11777877807617188 
0,02765655517578125 
0,04100799560546875 
0,04410743713378906 
0,030755996704101562 
0,048160552978515625 
0,1785755157470703 
0,03504753112792969 
0,039577484130859375 
0,045299530029296875 
0,0514984130859375 
0,04458427429199219 
0,06651878356933594 
0,07033348083496094 
0,04410743713378906 
0,07390975952148438 
0,05745887756347656 
0,03504753112792969 
0,0476837158203125 
0,06628036499023438 
0,164031982421875 
0,043392181396484375 
0,16236305236816406 
0,06103515625 
0,11420249938964844 
0,05221366882324219 
0,05507469177246094 
0,06389617919921875 
0,03528594970703125 
0,04792213439941406 
0,039577484130859375 
0,04458427429199219 
0,03695487976074219 
0,03528594970703125 
0,0286102294921875 
0,045299530029296875 
0,0362396240234375 
0,04982948303222656 
0,03743171691894531 
0,034809112548828125 
0,04315376281738281 
0,03170967102050781 
0,031232833862304688 
0,035762786865234375 
0,026464462280273438 
0,027894973754882812 
0,09608268737792969 
0,0286102294921875 
0,030755996704101562 
0,05221366882324219 
0,008344650268554688 
0,00858306884765625 
0,008106231689453125 
0,008344650268554688 
0,010728836059570312 
0,00858306884765625 
0,012636184692382812 
0,02288818359375 
0,019073486328125 
0,007867813110351562 
0,011682510375976562 
0,010013580322265625 
0,008821487426757812 
0,015735626220703125 
0,03314018249511719 
0,03647804260253906 
0,015974044799804688 
0,019788742065429688 
0,019788742065429688 
0,008344650268554688 
0,011920928955078125 
0,0133514404296875 
0,019073486328125 
0,008821487426757812 
0,008106231689453125 
0,0152587890625 
0,010251998901367188 
0,015497207641601562 
0,015974044799804688 
0,011682510375976562 
0,02002716064453125 
0,023126602172851562 
0,019311904907226562 
0,030279159545898438 
0,030040740966796875 
0,02956390380859375 
0,022649765014648438 
0,019311904907226562 
0,03361701965332031 
0,03314018249511719 
0,033855438232421875 
0,05555152893066406 
0,0438690185546875 
0,036716461181640625 
0,03528594970703125 
0,03409385681152344 
0,04410743713378906 
0,2522468566894531 
0,06079673767089844 
0,07224082946777344 
0,04410743713378906 
0,054836273193359375 
0,10538101196289062 
0,04172325134277344 
0,12040138244628906 
0,11897087097167969 
0,041484832763671875 
0,06222724914550781 
0,050067901611328125 
0,031232833862304688 
0,029087066650390625 
0,05602836608886719 
0,14090538024902344 
0,03719329833984375 
0,06437301635742188 
0,04291534423828125 
0,04935264587402344 
0,07104873657226562 
0,04792213439941406 
0,056743621826171875 
0,051021575927734375 
0,03337860107421875 
0,06890296936035156 
0,07915496826171875 
0,051975250244140625 
0,046253204345703125 
0,04291534423828125 
0,095367431640625 
0,05459785461425781 
0,05626678466796875 
0,049114227294921875 
0,022649765014648438 
0,019550323486328125 
0,011444091796875 
0,01049041748046875 
0,011205673217773438 
0,010728836059570312 
0,016689300537109375 
0,029802322387695312 
0,03457069396972656 
0,023365020751953125 
0,017642974853515625 
0,015735626220703125 
0,008344650268554688 
0,008821487426757812 
0,09894371032714844 
0,03147125244140625 
0,04100799560546875 
0,026702880859375 
0,021457672119140625 
0,038623809814453125 
0,03314018249511719 
0,0171661376953125 
0,009775161743164062 
0,008821487426757812 
0,013589859008789062 
0,01430511474609375 
0,019073486328125 
0,008344650268554688 
0,015735626220703125 
0,02002716064453125 
0,018835067749023438 
0,02193450927734375 
0,009298324584960938 
0,009775161743164062 
0,0171661376953125 
0,013828277587890625 
0,01811981201171875 
0,02288818359375 
0,012159347534179688 
0,016927719116210938 
0,01049041748046875 
0,025272369384765625 
0,040531158447265625 
0,01049041748046875 
0,018835067749023438 
0,01049041748046875 
0,01049041748046875 
0,01811981201171875 
0,01239776611328125 
0,009775161743164062 
0,008821487426757812 
0,008106231689453125 
0,019788742065429688 
0,012874603271484375 
0,05173683166503906 
0,012874603271484375 
0,008821487426757812 
0,019311904907226562 
0,026464462280273438 
0,013828277587890625 
0,03170967102050781 
0,012636184692382812 
0,0133514404296875 
0,034332275390625 
0,0324249267578125 
0,008821487426757812 
0,013113021850585938 
0,008106231689453125 
0,015497207641601562 
0,017642974853515625 
0,017881393432617188 
0,0152587890625 
0,010728836059570312 
0,013113021850585938 
0,018358230590820312 
0,018358230590820312 
0,016927719116210938 
0,010251998901367188 
0,012874603271484375 
0,010967254638671875 
0,019788742065429688 
0,011205673217773438 
0,018358230590820312 
0,014543533325195312 
0,015497207641601562 
0,03170967102050781 
0,010251998901367188 
0,015497207641601562 
0,008344650268554688 
0,017404556274414062 
0,01811981201171875 
0,025987625122070312 
0,028371810913085938 
0,02193450927734375 
0,0073909759521484375 
0,010013580322265625 
0,00762939453125 
0,009059906005859375 
0,01811981201171875 
0,009775161743164062 
0,013828277587890625 
0,021219253540039062 
0,032901763916015625 
0,017404556274414062 
0,009059906005859375 
0,0095367431640625 
0,013589859008789062 
0,024557113647460938 
0,05316734313964844 
0,080108642578125 
0,028848648071289062 
0,01239776611328125 
0,018835067749023438 
0,025272369384765625 
0,010728836059570312 
0,030755996704101562 
0,0171661376953125 
0,03719329833984375 
0,0152587890625 
0,012874603271484375 
0,022649765014648438 
0,0209808349609375 
0,011205673217773438 
0,01049041748046875 
0,010013580322265625 
0,010967254638671875 
0,01811981201171875 
0,011205673217773438 
0,009298324584960938 
0,009059906005859375 
0,010013580322265625 
0,012159347534179688 
0,0152587890625 
0,008344650268554688 
0,016450881958007812 
0,015735626220703125 
0,008344650268554688 
0,011682510375976562 
0,012159347534179688 
0,008344650268554688 
0,009059906005859375 
0,008344650268554688 
0,008344650268554688 
0,0095367431640625 
0,017404556274414062 
0,019788742065429688 
0,019788742065429688 
0,016689300537109375 
0,020503997802734375 
0,020265579223632812 
0,009059906005859375 
0,0095367431640625 
0,00858306884765625 
0,008821487426757812 
0,009298324584960938 
0,00858306884765625 
0,03695487976074219 
0,020742416381835938 
0,0133514404296875 
0,019073486328125 
0,015735626220703125 
0,008821487426757812 
0,01430511474609375 
0,00858306884765625 
0,008106231689453125 
0,013589859008789062 
0,007867813110351562 
0,011444091796875 
0,0209808349609375 
0,010251998901367188 
0,010013580322265625 
0,010251998901367188 
0,010251998901367188 
0,010728836059570312 
0,014781951904296875 
0,010251998901367188 
0,016689300537109375 
0,01049041748046875 
0,011920928955078125 
0,010013580322265625 
0,016689300537109375 
0,010728836059570312 
0,010251998901367188 
0,05888938903808594 
0,015735626220703125 
0,010967254638671875 
0,01049041748046875 
0,009775161743164062 
0,020503997802734375 
0,009298324584960938 
0,00858306884765625 
0,016689300537109375 
0,019311904907226562 
0,010251998901367188 
0,009059906005859375 
0,011920928955078125 
0,009298324584960938 
0,016927719116210938 
0,033855438232421875 
0,0095367431640625 
0,015020370483398438 
0,014543533325195312 
0,0152587890625 
0,016689300537109375 
0,009059906005859375 
0,008106231689453125 
0,009298324584960938 
0,0247955322265625 
0,01049041748046875 
0,010013580322265625 
0,020503997802734375 
0,011205673217773438 
0,01049041748046875 
0,01049041748046875 
0,019550323486328125 
0,011920928955078125 
0,02574920654296875 
0,03838539123535156 
0,030994415283203125 
0,031948089599609375 
0,15115737915039062 
0,014781951904296875 
0,030279159545898438 
0,019073486328125 
0,04506111145019531 
0,06890296936035156 
0,11539459228515625 
0,030040740966796875 
0,04267692565917969 
0,03886222839355469 
0,040531158447265625 
0,1785755157470703 
0,05984306335449219 
0,038623809814453125 
0,04291534423828125 
0,033855438232421875 
0,09989738464355469 
0,042438507080078125 
0,06413459777832031 
0,07414817810058594 
0,038623809814453125 
0,057697296142578125 
0,054836273193359375 
0,06461143493652344 
0,03743171691894531 
0,07700920104980469 
0,030279159545898438 
0,030755996704101562 
0,03147125244140625 
0,06127357482910156 
0,09441375732421875 
0,041484832763671875 
0,043392181396484375 
0,04315376281738281 
0,11205673217773438 
0,03838539123535156 
0,03790855407714844 
0,026226043701171875 
0,05888938903808594 
0,027894973754882812 
0,10275840759277344 
0,0286102294921875 
0,02574920654296875 
0,03170967102050781 
0,015735626220703125 
0,018358230590820312 
0,027418136596679688 
0,0171661376953125 
0,018358230590820312 
0,018358230590820312 
0,027179718017578125 
0,024557113647460938 
0,015735626220703125 
0,01811981201171875 
0,018835067749023438 
0,033855438232421875 
0,025510787963867188 
0,03838539123535156 
0,031948089599609375 
0,025987625122070312 
0,03814697265625 
0,03170967102050781 
0,029802322387695312 
0,035762786865234375 
0,08749961853027344 
0,10418891906738281 
0,05459785461425781 
0,06890296936035156 
0,04315376281738281 
0,050067901611328125 
0,1766681671142578 
0,05078315734863281 
0,0858306884765625 
0,03814697265625 
0,04029273986816406 
0,05745887756347656 
0,05507469177246094 
0,03743171691894531 
0,07891654968261719 
0,041484832763671875 
0,05340576171875 
0,0324249267578125 
0,031232833862304688 
0,03147125244140625 
0,04100799560546875 
0,04506111145019531 
0,03314018249511719 
0,02956390380859375 
0,026941299438476562 
0,025272369384765625 
0,025033950805664062 
0,02574920654296875 
0,025510787963867188 
0,025272369384765625 
0,03170967102050781 
0,061511993408203125 
0,049591064453125 
0,041961669921875 
0,009775161743164062 
0,013589859008789062 
0,008821487426757812 
0,04029273986816406 
0,03409385681152344 
0,014781951904296875 
0,022172927856445312 
0,019550323486328125 
0,016689300537109375 
0,008821487426757812 
0,015735626220703125 
0,009059906005859375 
0,04100799560546875 
0,012636184692382812 
0,010967254638671875 
0,0553131103515625 
0,009775161743164062 
0,00858306884765625 
0,017642974853515625 
0,009775161743164062 
0,018358230590820312 
0,008821487426757812 
0,029087066650390625 
0,009775161743164062 
0,009298324584960938 
0,010013580322265625 
0,017404556274414062 
0,014543533325195312 
0,019550323486328125 
0,019073486328125 
0,01049041748046875 
0,03409385681152344 
0,5371570587158203 
0,014543533325195312 
0,021457672119140625 
0,013113021850585938 
0,034809112548828125 
0,02956390380859375 
0,03600120544433594 
0,019788742065429688 
0,026941299438476562 
0,019311904907226562 
0,022172927856445312 
0,021219253540039062 
0,017881393432617188 
0,024318695068359375 
0,028133392333984375 
0,0209808349609375 
0,0171661376953125 
0,011920928955078125 
0,0095367431640625 
1,0797977447509766 
0,022411346435546875 
0,022172927856445312 
0,01621246337890625 
0,008821487426757812 
0,024318695068359375 
0,013589859008789062 
0,01430511474609375 
0,013828277587890625 
0,02384185791015625 
0,013828277587890625 
0,018596649169921875 
0,04220008850097656 
0,011444091796875 
0,010251998901367188 
0,009775161743164062 
0,009298324584960938 
0,014543533325195312 
0,017881393432617188 
0,016689300537109375 
0,02384185791015625 
0,014543533325195312 
0,023603439331054688 
0,010967254638671875 
0,010728836059570312 
0,010251998901367188 
0,021696090698242188 
0,013589859008789062 
0,010251998901367188 
0,019311904907226562 
0,013589859008789062 
0,03361701965332031 
0,020265579223632812 
0,015735626220703125 
0,014781951904296875 
0,030279159545898438 
0,014781951904296875 
0,014781951904296875 
0,0247955322265625 
0,0209808349609375 
0,028371810913085938 
0,023126602172851562 
0,021696090698242188 
0,01049041748046875 
0,01239776611328125 
0,011205673217773438 
0,0152587890625 
0,013589859008789062 
0,010728836059570312 
0,020265579223632812 
0,01811981201171875 
0,026226043701171875 
0,015974044799804688 
0,010967254638671875 
0,009775161743164062 
0,0095367431640625 
0,012636184692382812 
0,010251998901367188 
0,007867813110351562 
0,0152587890625 
0,00762939453125 
0,009059906005859375 
0,008344650268554688 
0,013828277587890625 
0,00858306884765625 
0,019788742065429688 
0,008344650268554688 
0,008106231689453125 
0,008344650268554688 
0,007867813110351562 
0,008106231689453125 
0,00858306884765625 
0,008344650268554688 
0,008106231689453125 
0,016450881958007812 
0,00858306884765625 
0,030755996704101562 
0,013589859008789062 
0,01430511474609375 
0,008344650268554688 
0,0171661376953125 
0,014781951904296875 
0,008106231689453125 
0,013828277587890625 
0,036716461181640625 
0,008821487426757812 
0,00858306884765625 
0,008821487426757812 
0,013589859008789062 
0,007867813110351562 
0,014066696166992188 
0,008106231689453125 
0,007867813110351562 
0,014781951904296875 
0,008344650268554688 
0,00762939453125 
