0,03361701965332031 
0,06198883056640625 
0,04482269287109375 
0,0438690185546875 
0,03981590270996094 
0,04792213439941406 
0,05030632019042969 
0,04696846008300781 
0,038623809814453125 
0,048160552978515625 
0,039577484130859375 
0,04601478576660156 
0,040531158447265625 
0,041484832763671875 
0,03838539123535156 
0,05125999450683594 
0,03814697265625 
0,04410743713378906 
0,03838539123535156 
0,04792213439941406 
0,04506111145019531 
0,10919570922851562 
0,06580352783203125 
0,04649162292480469 
0,0514984130859375 
0,04482269287109375 
0,039577484130859375 
0,0591278076171875 
0,04172325134277344 
0,050067901611328125 
0,04482269287109375 
0,0591278076171875 
0,04124641418457031 
0,04696846008300781 
0,04315376281738281 
0,05984306335449219 
0,04696846008300781 
0,05412101745605469 
0,04100799560546875 
0,04673004150390625 
0,064849853515625 
0,04982948303222656 
0,07319450378417969 
0,04601478576660156 
0,04982948303222656 
0,05507469177246094 
0,037670135498046875 
0,057220458984375 
0,037670135498046875 
0,051021575927734375 
0,05221366882324219 
0,04172325134277344 
0,03886222839355469 
0,060558319091796875 
0,04863739013671875 
0,0629425048828125 
0,038623809814453125 
0,04863739013671875 
0,042438507080078125 
0,1513957977294922 
0,0400543212890625 
0,047206878662109375 
0,05054473876953125 
0,06365776062011719 
0,04553794860839844 
0,05364418029785156 
0,06937980651855469 
0,10204315185546875 
0,0591278076171875 
0,33664703369140625 
0,15473365783691406 
0,045299530029296875 
0,03838539123535156 
0,12135505676269531 
0,05125999450683594 
0,04315376281738281 
0,0476837158203125 
0,041961669921875 
0,04100799560546875 
0,04172325134277344 
0,07796287536621094 
0,040531158447265625 
0,037670135498046875 
0,044345855712890625 
0,03910064697265625 
0,04410743713378906 
0,03886222839355469 
0,064849853515625 
0,03981590270996094 
0,0762939453125 
0,04744529724121094 
0,05745887756347656 
0,042438507080078125 
0,064849853515625 
0,049114227294921875 
0,044345855712890625 
0,062465667724609375 
0,051021575927734375 
0,04649162292480469 
0,06127357482910156 
0,035762786865234375 
0,040531158447265625 
0,03743171691894531 
0,04315376281738281 
0,036716461181640625 
0,07581710815429688 
0,0362396240234375 
0,045299530029296875 
0,04839897155761719 
0,051021575927734375 
0,03647804260253906 
0,0629425048828125 
0,03266334533691406 
0,07343292236328125 
0,09202957153320312 
0,0553131103515625 
0,09512901306152344 
0,0629425048828125 
0,07343292236328125 
0,061511993408203125 
0,09202957153320312 
0,04649162292480469 
0,04172325134277344 
0,05412101745605469 
0,04291534423828125 
0,04744529724121094 
0,04267692565917969 
0,16307830810546875 
0,03838539123535156 
0,04673004150390625 
0,04267692565917969 
0,11897087097167969 
0,04172325134277344 
0,04458427429199219 
0,04482269287109375 
0,058650970458984375 
0,041961669921875 
0,05054473876953125 
0,04506111145019531 
0,05245208740234375 
0,03719329833984375 
0,0476837158203125 
0,03814697265625 
0,04267692565917969 
0,04315376281738281 
0,06723403930664062 
0,041961669921875 
0,07772445678710938 
0,051021575927734375 
0,0858306884765625 
0,07319450378417969 
0,04839897155761719 
0,0457763671875 
0,05888938903808594 
0,11682510375976562 
0,05054473876953125 
0,11563301086425781 
0,05364418029785156 
0,042438507080078125 
0,05435943603515625 
0,045299530029296875 
0,10418891906738281 
0,05054473876953125 
0,044345855712890625 
0,05602836608886719 
0,1499652862548828 
0,08702278137207031 
0,1614093780517578 
0,03790855407714844 
0,04839897155761719 
0,056743621826171875 
0,04506111145019531 
0,039577484130859375 
0,04291534423828125 
0,037670135498046875 
0,07081031799316406 
0,044345855712890625 
0,047206878662109375 
0,05125999450683594 
0,04458427429199219 
0,03838539123535156 
0,04410743713378906 
0,0553131103515625 
0,05412101745605469 
0,051021575927734375 
0,05841255187988281 
0,08153915405273438 
0,04744529724121094 
0,06413459777832031 
0,15878677368164062 
0,05412101745605469 
0,0553131103515625 
0,048160552978515625 
0,04220008850097656 
0,035762786865234375 
0,0438690185546875 
0,09489059448242188 
0,0667572021484375 
0,044345855712890625 
0,04172325134277344 
0,03695487976074219 
0,05984306335449219 
0,053882598876953125 
0,07462501525878906 
0,0457763671875 
0,06437301635742188 
0,035762786865234375 
0,043392181396484375 
0,058650970458984375 
0,0591278076171875 
0,07891654968261719 
0,03981590270996094 
0,03552436828613281 
0,04029273986816406 
0,0400543212890625 
0,04553794860839844 
0,028371810913085938 
0,036716461181640625 
0,02193450927734375 
0,0362396240234375 
0,041484832763671875 
0,029325485229492188 
0,01811981201171875 
0,04458427429199219 
0,04124641418457031 
0,04863739013671875 
0,03743171691894531 
0,04649162292480469 
0,05316734313964844 
0,05340576171875 
0,04696846008300781 
0,05030632019042969 
0,049591064453125 
0,05435943603515625 
0,04076957702636719 
0,08869171142578125 
0,21314620971679688 
0,0514984130859375 
0,07390975952148438 
0,11944770812988281 
0,05793571472167969 
0,055789947509765625 
0,047206878662109375 
0,049114227294921875 
0,05054473876953125 
0,04553794860839844 
0,03981590270996094 
0,05054473876953125 
0,039577484130859375 
0,04839897155761719 
0,04506111145019531 
0,04410743713378906 
0,05459785461425781 
0,053882598876953125 
0,0438690185546875 
0,043392181396484375 
0,04363059997558594 
0,04458427429199219 
0,03838539123535156 
0,04220008850097656 
0,05984306335449219 
0,06890296936035156 
0,06103515625 
0,04982948303222656 
0,038623809814453125 
0,06628036499023438 
0,03552436828613281 
0,041961669921875 
0,04220008850097656 
0,04673004150390625 
0,0400543212890625 
0,07081031799316406 
0,05173683166503906 
0,07081031799316406 
0,062465667724609375 
0,16164779663085938 
0,06413459777832031 
0,05245208740234375 
0,03719329833984375 
0,04363059997558594 
0,060558319091796875 
0,05888938903808594 
0,051021575927734375 
0,059604644775390625 
0,0457763671875 
0,07915496826171875 
0,08749961853027344 
0,15163421630859375 
0,05888938903808594 
0,09775161743164062 
0,05555152893066406 
0,05650520324707031 
0,05602836608886719 
0,051021575927734375 
0,04220008850097656 
0,05650520324707031 
0,04696846008300781 
0,054836273193359375 
0,04696846008300781 
0,04482269287109375 
0,03838539123535156 
0,043392181396484375 
0,04506111145019531 
0,08702278137207031 
0,047206878662109375 
0,06556510925292969 
0,05125999450683594 
0,05936622619628906 
0,06365776062011719 
0,05650520324707031 
0,04792213439941406 
0,06127357482910156 
0,03838539123535156 
0,05841255187988281 
0,20313262939453125 
0,0629425048828125 
0,053882598876953125 
0,07367134094238281 
0,03838539123535156 
0,05555152893066406 
0,09369850158691406 
0,044345855712890625 
0,04172325134277344 
0,1201629638671875 
0,02384185791015625 
0,06103515625 
0,05936622619628906 
0,04744529724121094 
0,039577484130859375 
0,0762939453125 
0,04601478576660156 
0,09441375732421875 
0,05817413330078125 
0,06413459777832031 
0,04506111145019531 
0,07486343383789062 
0,051021575927734375 
0,0743865966796875 
0,08988380432128906 
0,056743621826171875 
0,0362396240234375 
0,04172325134277344 
0,037670135498046875 
0,04124641418457031 
0,038623809814453125 
0,04291534423828125 
0,044345855712890625 
0,0553131103515625 
0,03814697265625 
0,07677078247070312 
0,07176399230957031 
0,06127357482910156 
0,06842613220214844 
0,04506111145019531 
0,06008148193359375 
0,07534027099609375 
0,06651878356933594 
0,07104873657226562 
0,05841255187988281 
0,048160552978515625 
0,040531158447265625 
0,05173683166503906 
0,05459785461425781 
0,14090538024902344 
0,04410743713378906 
0,06127357482910156 
0,1747608184814453 
0,14638900756835938 
0,09083747863769531 
0,11181831359863281 
0,057220458984375 
0,06723403930664062 
0,06079673767089844 
0,06747245788574219 
0,0514984130859375 
0,05459785461425781 
0,07081031799316406 
0,04458427429199219 
0,11396408081054688 
0,12612342834472656 
0,05125999450683594 
0,050067901611328125 
0,04839897155761719 
0,06866455078125 
0,061511993408203125 
0,05435943603515625 
0,07843971252441406 
0,062465667724609375 
0,04935264587402344 
0,06198883056640625 
0,061511993408203125 
0,08106231689453125 
0,07939338684082031 
0,09942054748535156 
0,05698204040527344 
0,052928924560546875 
0,07343292236328125 
0,0743865966796875 
0,040531158447265625 
0,04982948303222656 
0,1266002655029297 
0,064849853515625 
0,030994415283203125 
0,07581710815429688 
0,04839897155761719 
0,06031990051269531 
0,16927719116210938 
0,10323524475097656 
0,04863739013671875 
0,052928924560546875 
0,06794929504394531 
0,041484832763671875 
0,10061264038085938 
0,087738037109375 
0,11014938354492188 
0,046253204345703125 
0,0553131103515625 
0,051021575927734375 
0,11038780212402344 
0,0476837158203125 
0,04887580871582031 
0,055789947509765625 
0,03790855407714844 
0,04363059997558594 
0,043392181396484375 
0,05364418029785156 
0,08034706115722656 
0,09846687316894531 
0,16641616821289062 
0,049591064453125 
0,03910064697265625 
0,1518726348876953 
0,05316734313964844 
0,07009506225585938 
0,03719329833984375 
0,043392181396484375 
0,04935264587402344 
0,04982948303222656 
0,03409385681152344 
0,11205673217773438 
0,19979476928710938 
0,11777877807617188 
0,04553794860839844 
0,04673004150390625 
0,05030632019042969 
0,05650520324707031 
0,03790855407714844 
0,060558319091796875 
0,12445449829101562 
0,051021575927734375 
0,04506111145019531 
0,08702278137207031 
0,05412101745605469 
0,07510185241699219 
0,044345855712890625 
0,048160552978515625 
0,05507469177246094 
0,053882598876953125 
0,05650520324707031 
0,05316734313964844 
0,04100799560546875 
0,04696846008300781 
0,05173683166503906 
0,09608268737792969 
0,051975250244140625 
0,06079673767089844 
0,051975250244140625 
0,08058547973632812 
0,0514984130859375 
0,054836273193359375 
0,05316734313964844 
0,04696846008300781 
0,04839897155761719 
0,06437301635742188 
0,03838539123535156 
0,05173683166503906 
0,044345855712890625 
0,057697296142578125 
0,04696846008300781 
0,05078315734863281 
0,04363059997558594 
0,05030632019042969 
0,0400543212890625 
0,05125999450683594 
0,04982948303222656 
0,044345855712890625 
0,054836273193359375 
0,07319450378417969 
0,05745887756347656 
0,043392181396484375 
0,10156631469726562 
0,06175041198730469 
0,049114227294921875 
0,11014938354492188 
0,06914138793945312 
0,05626678466796875 
0,06580352783203125 
0,04649162292480469 
0,055789947509765625 
0,06437301635742188 
0,03910064697265625 
0,05221366882324219 
0,04172325134277344 
0,064849853515625 
0,05698204040527344 
0,04792213439941406 
0,05364418029785156 
0,04315376281738281 
0,028371810913085938 
0,033855438232421875 
0,05078315734863281 
0,04673004150390625 
0,03719329833984375 
0,07295608520507812 
0,05030632019042969 
0,06318092346191406 
0,047206878662109375 
0,042438507080078125 
0,04172325134277344 
0,0362396240234375 
0,04172325134277344 
0,04363059997558594 
0,029325485229492188 
0,03409385681152344 
0,04172325134277344 
0,05698204040527344 
0,03790855407714844 
0,04124641418457031 
0,041961669921875 
0,0629425048828125 
0,04553794860839844 
0,04267692565917969 
0,08273124694824219 
0,09608268737792969 
0,0400543212890625 
0,04744529724121094 
0,05221366882324219 
0,06222724914550781 
0,0553131103515625 
0,05888938903808594 
0,03933906555175781 
0,04315376281738281 
0,03743171691894531 
0,046253204345703125 
0,05078315734863281 
0,05054473876953125 
0,04458427429199219 
0,05555152893066406 
0,043392181396484375 
0,046253204345703125 
0,04482269287109375 
0,04887580871582031 
0,044345855712890625 
0,04744529724121094 
0,037670135498046875 
0,058650970458984375 
0,037670135498046875 
0,08678436279296875 
0,1437664031982422 
0,059604644775390625 
0,03838539123535156 
0,0514984130859375 
0,08678436279296875 
0,050067901611328125 
0,037670135498046875 
0,041961669921875 
0,04267692565917969 
0,05984306335449219 
0,03719329833984375 
0,041484832763671875 
0,04839897155761719 
0,07033348083496094 
0,053882598876953125 
0,06866455078125 
0,06437301635742188 
0,06914138793945312 
0,060558319091796875 
0,052928924560546875 
0,09202957153320312 
0,24366378784179688 
0,06651878356933594 
0,0743865966796875 
0,13637542724609375 
0,05841255187988281 
0,09226799011230469 
0,0782012939453125 
0,07581710815429688 
0,0457763671875 
0,05936622619628906 
0,05555152893066406 
0,04029273986816406 
0,06771087646484375 
0,041484832763671875 
0,055789947509765625 
0,06031990051269531 
0,05936622619628906 
0,03838539123535156 
0,046253204345703125 
0,05412101745605469 
0,04315376281738281 
0,052928924560546875 
0,04291534423828125 
0,07843971252441406 
0,0782012939453125 
0,038623809814453125 
0,04553794860839844 
0,03838539123535156 
0,04172325134277344 
0,060558319091796875 
0,07748603820800781 
0,049114227294921875 
0,05602836608886719 
0,024318695068359375 
0,05984306335449219 
0,035762786865234375 
0,03552436828613281 
0,04673004150390625 
0,06771087646484375 
0,04792213439941406 
0,06365776062011719 
0,1971721649169922 
0,05793571472167969 
0,08749961853027344 
0,07033348083496094 
0,050067901611328125 
0,13875961303710938 
0,06914138793945312 
0,16260147094726562 
0,047206878662109375 
0,054836273193359375 
0,06103515625 
0,06866455078125 
0,04935264587402344 
0,05507469177246094 
0,04982948303222656 
0,04744529724121094 
0,061511993408203125 
0,04363059997558594 
0,0591278076171875 
0,08082389831542969 
0,058650970458984375 
0,04696846008300781 
0,043392181396484375 
0,0743865966796875 
0,03719329833984375 
0,04220008850097656 
0,04076957702636719 
0,04315376281738281 
0,055789947509765625 
0,057220458984375 
0,0457763671875 
0,04744529724121094 
0,06818771362304688 
0,049114227294921875 
0,03933906555175781 
0,04887580871582031 
0,057220458984375 
0,041484832763671875 
0,04649162292480469 
0,04410743713378906 
0,04076957702636719 
0,07081031799316406 
0,07224082946777344 
0,06222724914550781 
0,04291534423828125 
0,05793571472167969 
0,05316734313964844 
0,05245208740234375 
0,08273124694824219 
0,11587142944335938 
0,09179115295410156 
0,09369850158691406 
0,04839897155761719 
0,04982948303222656 
0,05054473876953125 
0,0457763671875 
0,05984306335449219 
0,07510185241699219 
0,04220008850097656 
0,04673004150390625 
0,04792213439941406 
0,05817413330078125 
0,041961669921875 
0,04410743713378906 
0,05316734313964844 
0,0438690185546875 
0,04696846008300781 
0,04172325134277344 
0,04553794860839844 
0,04482269287109375 
0,041484832763671875 
0,04410743713378906 
0,038623809814453125 
0,04482269287109375 
0,0400543212890625 
0,04410743713378906 
0,060558319091796875 
0,058650970458984375 
0,04553794860839844 
0,05364418029785156 
0,0362396240234375 
0,0324249267578125 
0,047206878662109375 
0,05054473876953125 
0,0553131103515625 
0,04363059997558594 
0,05435943603515625 
0,08535385131835938 
0,052928924560546875 
0,07128715515136719 
0,13113021850585938 
0,2624988555908203 
0,16236305236816406 
0,08893013000488281 
0,22864341735839844 
0,04839897155761719 
0,047206878662109375 
0,03600120544433594 
0,026464462280273438 
0,052928924560546875 
0,040531158447265625 
0,03504753112792969 
0,04553794860839844 
0,05841255187988281 
0,052928924560546875 
0,03170967102050781 
0,039577484130859375 
0,07510185241699219 
0,0514984130859375 
0,04935264587402344 
0,10037422180175781 
0,04839897155761719 
0,07891654968261719 
0,06413459777832031 
0,22220611572265625 
0,10395050048828125 
0,051021575927734375 
0,04506111145019531 
0,05078315734863281 
0,0705718994140625 
0,05269050598144531 
0,056743621826171875 
0,042438507080078125 
0,043392181396484375 
0,08630752563476562 
0,04744529724121094 
0,047206878662109375 
0,051975250244140625 
0,1068115234375 
0,05793571472167969 
0,21982192993164062 
0,0972747802734375 
0,04553794860839844 
0,07462501525878906 
0,07724761962890625 
0,05793571472167969 
0,04649162292480469 
0,1876354217529297 
0,05245208740234375 
0,047206878662109375 
0,05555152893066406 
0,06031990051269531 
0,03981590270996094 
0,05602836608886719 
0,05078315734863281 
0,1544952392578125 
0,04506111145019531 
0,03504753112792969 
0,026702880859375 
0,04935264587402344 
0,04649162292480469 
0,04291534423828125 
0,04315376281738281 
0,046253204345703125 
0,03695487976074219 
0,0438690185546875 
0,05841255187988281 
0,33664703369140625 
0,06818771362304688 
0,042438507080078125 
0,03790855407714844 
0,043392181396484375 
0,047206878662109375 
0,0514984130859375 
0,09059906005859375 
0,04601478576660156 
0,04506111145019531 
0,046253204345703125 
0,06461143493652344 
0,07653236389160156 
0,037670135498046875 
0,05459785461425781 
0,04553794860839844 
0,12946128845214844 
0,12874603271484375 
0,13303756713867188 
0,13589859008789062 
0,07271766662597656 
0,06461143493652344 
0,05936622619628906 
0,17571449279785156 
0,04935264587402344 
0,0553131103515625 
0,04482269287109375 
0,1266002655029297 
0,046253204345703125 
0,04172325134277344 
0,058650970458984375 
0,040531158447265625 
0,1952648162841797 
0,05316734313964844 
0,2067089080810547 
0,05269050598144531 
0,04172325134277344 
0,03743171691894531 
0,048160552978515625 
0,04267692565917969 
0,15974044799804688 
0,05054473876953125 
0,049114227294921875 
0,03743171691894531 
0,05793571472167969 
0,04458427429199219 
0,04792213439941406 
0,029325485229492188 
0,017881393432617188 
0,08106231689453125 
0,026941299438476562 
0,055789947509765625 
0,1010894775390625 
0,05125999450683594 
0,1220703125 
0,05030632019042969 
0,04982948303222656 
0,06747245788574219 
0,05245208740234375 
0,05125999450683594 
0,050067901611328125 
0,04482269287109375 
0,05555152893066406 
0,04649162292480469 
0,05173683166503906 
0,038623809814453125 
0,05316734313964844 
0,039577484130859375 
0,04982948303222656 
0,04506111145019531 
0,10228157043457031 
0,07700920104980469 
0,05125999450683594 
0,03910064697265625 
0,05745887756347656 
0,11873245239257812 
0,05054473876953125 
0,13136863708496094 
0,04291534423828125 
0,06103515625 
0,07033348083496094 
0,042438507080078125 
0,07200241088867188 
0,042438507080078125 
0,04982948303222656 
0,04982948303222656 
0,0438690185546875 
0,05269050598144531 
0,04649162292480469 
0,04482269287109375 
0,049114227294921875 
0,03814697265625 
0,06818771362304688 
0,04482269287109375 
0,14495849609375 
0,0553131103515625 
0,045299530029296875 
0,06270408630371094 
0,05626678466796875 
0,062465667724609375 
0,09369850158691406 
0,04029273986816406 
0,12302398681640625 
0,06175041198730469 
0,05555152893066406 
0,041484832763671875 
0,05507469177246094 
0,04506111145019531 
0,049591064453125 
0,037670135498046875 
0,05221366882324219 
0,03790855407714844 
0,042438507080078125 
0,06389617919921875 
0,0438690185546875 
0,035762786865234375 
0,20456314086914062 
0,041484832763671875 
0,057220458984375 
0,05698204040527344 
0,049591064453125 
0,04863739013671875 
0,08654594421386719 
0,03695487976074219 
0,06437301635742188 
0,03647804260253906 
0,0457763671875 
0,03504753112792969 
0,10633468627929688 
0,05245208740234375 
0,12230873107910156 
0,47016143798828125 
0,04291534423828125 
0,029802322387695312 
0,03147125244140625 
0,024080276489257812 
0,055789947509765625 
0,060558319091796875 
0,03933906555175781 
0,0457763671875 
0,04315376281738281 
0,0896453857421875 
0,11324882507324219 
0,05030632019042969 
0,0324249267578125 
0,06008148193359375 
0,06198883056640625 
0,04267692565917969 
0,06699562072753906 
0,08225440979003906 
0,05459785461425781 
0,0476837158203125 
0,04792213439941406 
0,04649162292480469 
0,05602836608886719 
0,07462501525878906 
0,042438507080078125 
0,04673004150390625 
0,05030632019042969 
0,045299530029296875 
0,05888938903808594 
0,0553131103515625 
0,09918212890625 
0,037670135498046875 
0,08559226989746094 
0,11992454528808594 
0,04553794860839844 
0,04601478576660156 
0,0514984130859375 
0,05316734313964844 
0,0476837158203125 
0,08058547973632812 
0,04315376281738281 
0,11324882507324219 
0,06365776062011719 
0,10752677917480469 
0,05221366882324219 
0,049114227294921875 
0,07534027099609375 
0,06532669067382812 
0,051021575927734375 
0,24008750915527344 
0,06866455078125 
0,05030632019042969 
0,04887580871582031 
0,04363059997558594 
0,05245208740234375 
0,1068115234375 
0,05245208740234375 
0,05030632019042969 
0,10538101196289062 
0,038623809814453125 
0,05078315734863281 
0,04363059997558594 
0,048160552978515625 
0,04291534423828125 
0,07581710815429688 
0,0400543212890625 
0,04267692565917969 
0,05269050598144531 
0,06937980651855469 
0,03838539123535156 
0,15234947204589844 
0,17189979553222656 
0,05221366882324219 
0,09751319885253906 
0,06175041198730469 
0,07677078247070312 
0,0457763671875 
0,0400543212890625 
0,05459785461425781 
0,07462501525878906 
0,04291534423828125 
0,06651878356933594 
0,07081031799316406 
0,05078315734863281 
0,051021575927734375 
0,06866455078125 
0,08916854858398438 
0,03600120544433594 
0,034809112548828125 
0,07748603820800781 
0,09608268737792969 
0,3879070281982422 
0,1392364501953125 
0,05125999450683594 
0,06079673767089844 
0,08082389831542969 
0,049591064453125 
0,14162063598632812 
0,07748603820800781 
0,05459785461425781 
0,06914138793945312 
0,05364418029785156 
0,04172325134277344 
0,02956390380859375 
0,015020370483398438 
0,04506111145019531 
0,05030632019042969 
0,041961669921875 
0,043392181396484375 
0,06914138793945312 
0,1270771026611328 
0,03981590270996094 
0,11992454528808594 
0,050067901611328125 
0,04172325134277344 
0,12254714965820312 
0,04744529724121094 
0,03695487976074219 
0,06794929504394531 
0,041961669921875 
0,050067901611328125 
0,03743171691894531 
0,04887580871582031 
0,05078315734863281 
0,04649162292480469 
0,03981590270996094 
0,06723403930664062 
0,05435943603515625 
0,05650520324707031 
0,09417533874511719 
0,047206878662109375 
0,04649162292480469 
0,18930435180664062 
0,05245208740234375 
0,0514984130859375 
0,14400482177734375 
0,046253204345703125 
0,03933906555175781 
0,045299530029296875 
0,040531158447265625 
0,08988380432128906 
0,1475811004638672 
0,06270408630371094 
0,1685619354248047 
0,07963180541992188 
0,03838539123535156 
0,09608268737792969 
0,05507469177246094 
0,0514984130859375 
0,04124641418457031 
0,06341934204101562 
0,04267692565917969 
0,0457763671875 
0,04291534423828125 
0,0591278076171875 
0,04100799560546875 
0,04673004150390625 
0,0476837158203125 
0,05030632019042969 
0,047206878662109375 
0,04887580871582031 
0,06914138793945312 
0,06556510925292969 
0,04172325134277344 
0,07367134094238281 
0,0438690185546875 
0,209808349609375 
0,04744529724121094 
0,07319450378417969 
0,05078315734863281 
0,045299530029296875 
0,042438507080078125 
0,1938343048095703 
0,03790855407714844 
0,05602836608886719 
0,15401840209960938 
0,04982948303222656 
0,07200241088867188 
0,07772445678710938 
0,05888938903808594 
0,18167495727539062 
0,14019012451171875 
0,062465667724609375 
0,06222724914550781 
0,05817413330078125 
0,055789947509765625 
0,16236305236816406 
0,06365776062011719 
0,07224082946777344 
0,17452239990234375 
0,06532669067382812 
0,031232833862304688 
0,042438507080078125 
0,04792213439941406 
0,04935264587402344 
0,04363059997558594 
0,054836273193359375 
0,06031990051269531 
0,07510185241699219 
0,0362396240234375 
0,04029273986816406 
0,055789947509765625 
0,04887580871582031 
0,04220008850097656 
0,04029273986816406 
0,041961669921875 
0,06079673767089844 
0,029325485229492188 
0,030040740966796875 
0,03695487976074219 
0,0553131103515625 
0,16808509826660156 
0,05245208740234375 
0,037670135498046875 
0,042438507080078125 
0,04076957702636719 
0,06651878356933594 
0,293731689453125 
0,16379356384277344 
0,06103515625 
0,07414817810058594 
0,058650970458984375 
0,09107589721679688 
0,07343292236328125 
0,08821487426757812 
0,057220458984375 
0,05793571472167969 
0,060558319091796875 
0,0762939453125 
0,057220458984375 
0,0476837158203125 
0,042438507080078125 
0,03695487976074219 
0,03361701965332031 
0,10585784912109375 
0,023365020751953125 
0,05817413330078125 
0,048160552978515625 
0,049114227294921875 
0,056743621826171875 
0,0629425048828125 
0,0400543212890625 
0,06937980651855469 
0,04601478576660156 
0,05841255187988281 
0,04076957702636719 
0,044345855712890625 
0,041961669921875 
0,05078315734863281 
0,03886222839355469 
0,04863739013671875 
0,0438690185546875 
0,04458427429199219 
0,047206878662109375 
0,04410743713378906 
0,0362396240234375 
0,04172325134277344 
0,04935264587402344 
0,05507469177246094 
0,11849403381347656 
0,04601478576660156 
0,04291534423828125 
0,04935264587402344 
0,05650520324707031 
0,05650520324707031 
0,049591064453125 
0,06103515625 
0,053882598876953125 
0,1289844512939453 
0,037670135498046875 
0,051021575927734375 
0,03814697265625 
0,05078315734863281 
0,04601478576660156 
0,06008148193359375 
0,03886222839355469 
0,03910064697265625 
0,0457763671875 
0,04291534423828125 
0,037670135498046875 
0,04553794860839844 
0,03814697265625 
0,04363059997558594 
0,05936622619628906 
0,04982948303222656 
0,04792213439941406 
0,06175041198730469 
0,04172325134277344 
0,05602836608886719 
0,04076957702636719 
0,05459785461425781 
0,038623809814453125 
0,05555152893066406 
0,03647804260253906 
0,043392181396484375 
0,04935264587402344 
0,0705718994140625 
0,031948089599609375 
0,04744529724121094 
0,0247955322265625 
0,14019012451171875 
0,05340576171875 
0,04696846008300781 
0,08273124694824219 
0,1239776611328125 
0,04673004150390625 
0,05412101745605469 
0,06198883056640625 
0,06413459777832031 
0,1277923583984375 
0,10061264038085938 
0,14781951904296875 
0,1995563507080078 
0,08130073547363281 
0,04839897155761719 
0,5900859832763672 
0,05364418029785156 
0,04100799560546875 
0,055789947509765625 
0,051021575927734375 
0,05698204040527344 
0,03790855407714844 
0,04482269287109375 
0,053882598876953125 
0,055789947509765625 
0,05888938903808594 
0,10585784912109375 
0,1747608184814453 
0,06318092346191406 
0,04673004150390625 
0,04315376281738281 
0,036716461181640625 
0,05030632019042969 
0,05221366882324219 
0,04863739013671875 
0,039577484130859375 
0,049114227294921875 
0,04291534423828125 
0,04267692565917969 
0,08940696716308594 
0,05221366882324219 
0,041961669921875 
0,2315044403076172 
0,04982948303222656 
0,07200241088867188 
0,10919570922851562 
0,057220458984375 
0,10347366333007812 
0,05173683166503906 
0,05936622619628906 
0,07009506225585938 
0,06270408630371094 
0,051975250244140625 
0,0743865966796875 
0,06413459777832031 
0,04100799560546875 
0,0476837158203125 
0,04267692565917969 
0,06723403930664062 
0,042438507080078125 
0,05435943603515625 
0,04601478576660156 
0,042438507080078125 
0,03743171691894531 
0,05507469177246094 
0,05841255187988281 
0,04982948303222656 
0,03838539123535156 
0,04506111145019531 
0,03910064697265625 
0,07462501525878906 
0,04482269287109375 
0,040531158447265625 
0,037670135498046875 
0,04267692565917969 
0,05650520324707031 
0,05054473876953125 
0,04744529724121094 
0,04267692565917969 
0,03838539123535156 
0,095367431640625 
0,060558319091796875 
0,04553794860839844 
0,035762786865234375 
0,06341934204101562 
0,05173683166503906 
0,16450881958007812 
0,2727508544921875 
0,09775161743164062 
0,04172325134277344 
0,06198883056640625 
0,10251998901367188 
0,049114227294921875 
0,05507469177246094 
0,07486343383789062 
0,03695487976074219 
0,052928924560546875 
0,08416175842285156 
0,06461143493652344 
0,03790855407714844 
0,041961669921875 
0,053882598876953125 
0,05817413330078125 
0,048160552978515625 
0,056743621826171875 
0,03457069396972656 
0,0514984130859375 
0,03266334533691406 
0,028848648071289062 
0,024080276489257812 
0,044345855712890625 
0,03838539123535156 
0,04267692565917969 
0,056743621826171875 
0,03695487976074219 
0,033855438232421875 
0,062465667724609375 
0,0324249267578125 
0,18310546875 
0,07843971252441406 
0,023126602172851562 
0,021696090698242188 
0,03409385681152344 
0,05364418029785156 
0,06198883056640625 
0,041484832763671875 
0,0553131103515625 
0,04792213439941406 
0,06365776062011719 
0,06628036499023438 
0,06937980651855469 
0,05269050598144531 
0,044345855712890625 
0,04982948303222656 
0,095367431640625 
0,05340576171875 
0,04458427429199219 
0,03910064697265625 
0,04100799560546875 
0,04887580871582031 
0,057697296142578125 
0,06031990051269531 
0,049114227294921875 
0,04076957702636719 
0,05364418029785156 
0,038623809814453125 
0,04863739013671875 
0,036716461181640625 
0,05054473876953125 
0,05364418029785156 
0,04076957702636719 
0,057697296142578125 
0,04291534423828125 
0,05173683166503906 
0,05078315734863281 
0,05459785461425781 
0,04935264587402344 
0,05745887756347656 
0,04649162292480469 
0,06008148193359375 
0,050067901611328125 
0,04220008850097656 
0,041961669921875 
0,03838539123535156 
0,06389617919921875 
0,05555152893066406 
0,07557868957519531 
0,05125999450683594 
0,0629425048828125 
0,04601478576660156 
0,06079673767089844 
0,054836273193359375 
0,11110305786132812 
0,08749961853027344 
0,1087188720703125 
0,043392181396484375 
0,05054473876953125 
0,08749961853027344 
0,06175041198730469 
0,09655952453613281 
0,05245208740234375 
0,07534027099609375 
0,058650970458984375 
0,04172325134277344 
0,05364418029785156 
0,0457763671875 
0,05984306335449219 
0,03838539123535156 
0,05507469177246094 
0,038623809814453125 
0,0476837158203125 
0,029325485229492188 
0,030517578125 
0,03838539123535156 
0,05221366882324219 
0,04029273986816406 
0,05650520324707031 
0,05459785461425781 
0,04291534423828125 
0,037670135498046875 
0,13494491577148438 
0,06461143493652344 
0,06222724914550781 
0,0362396240234375 
0,04291534423828125 
0,03886222839355469 
0,049114227294921875 
0,04100799560546875 
0,05173683166503906 
0,04935264587402344 
0,05459785461425781 
0,03838539123535156 
0,1277923583984375 
0,30493736267089844 
0,3218650817871094 
0,054836273193359375 
0,057697296142578125 
0,03981590270996094 
0,06437301635742188 
0,06318092346191406 
0,11134147644042969 
0,08368492126464844 
0,1583099365234375 
0,0438690185546875 
0,05650520324707031 
0,04220008850097656 
0,04315376281738281 
0,0362396240234375 
0,04100799560546875 
0,035762786865234375 
0,04863739013671875 
0,04363059997558594 
0,06604194641113281 
0,04315376281738281 
0,05936622619628906 
0,09918212890625 
0,049591064453125 
0,06127357482910156 
0,051021575927734375 
0,03695487976074219 
0,05269050598144531 
0,05435943603515625 
0,09298324584960938 
0,050067901611328125 
0,054836273193359375 
0,0514984130859375 
0,04482269287109375 
0,040531158447265625 
0,05245208740234375 
0,05650520324707031 
0,04887580871582031 
0,04458427429199219 
0,08797645568847656 
0,051975250244140625 
0,04935264587402344 
0,06628036499023438 
0,057220458984375 
0,05435943603515625 
0,04887580871582031 
0,12636184692382812 
0,04649162292480469 
0,05316734313964844 
0,07653236389160156 
0,04172325134277344 
0,0591278076171875 
0,04553794860839844 
0,04982948303222656 
0,07987022399902344 
0,062465667724609375 
0,04887580871582031 
0,049114227294921875 
0,04482269287109375 
0,04553794860839844 
0,055789947509765625 
0,04291534423828125 
0,020265579223632812 
0,05650520324707031 
0,041961669921875 
0,05340576171875 
0,04506111145019531 
0,10561943054199219 
0,1633167266845703 
0,1347064971923828 
0,043392181396484375 
0,04696846008300781 
0,038623809814453125 
0,05221366882324219 
0,04029273986816406 
0,04792213439941406 
0,07891654968261719 
0,23055076599121094 
0,049114227294921875 
0,04315376281738281 
0,03743171691894531 
0,0476837158203125 
0,043392181396484375 
0,046253204345703125 
0,0400543212890625 
0,05245208740234375 
0,043392181396484375 
0,043392181396484375 
0,039577484130859375 
0,044345855712890625 
0,04100799560546875 
0,04673004150390625 
0,05793571472167969 
0,04291534423828125 
0,03600120544433594 
0,04076957702636719 
0,03719329833984375 
0,047206878662109375 
0,04363059997558594 
0,04506111145019531 
0,03838539123535156 
0,04792213439941406 
0,09584426879882812 
0,0667572021484375 
0,05459785461425781 
0,04291534423828125 
0,04601478576660156 
0,05030632019042969 
0,04458427429199219 
0,05125999450683594 
0,05221366882324219 
0,0629425048828125 
0,039577484130859375 
0,0553131103515625 
0,06890296936035156 
0,0591278076171875 
0,038623809814453125 
0,06985664367675781 
0,0820159912109375 
0,059604644775390625 
0,041961669921875 
0,04172325134277344 
0,03886222839355469 
0,041484832763671875 
0,03933906555175781 
0,04744529724121094 
0,04172325134277344 
0,041961669921875 
0,040531158447265625 
0,047206878662109375 
0,04172325134277344 
0,04124641418457031 
0,03838539123535156 
0,064849853515625 
0,03504753112792969 
0,04601478576660156 
0,04100799560546875 
0,05078315734863281 
0,044345855712890625 
0,03933906555175781 
0,04482269287109375 
0,018358230590820312 
0,0209808349609375 
0,05984306335449219 
0,04220008850097656 
0,0762939453125 
0,0400543212890625 
0,05817413330078125 
0,044345855712890625 
0,042438507080078125 
0,036716461181640625 
0,06914138793945312 
0,08869171142578125 
0,08511543273925781 
0,03838539123535156 
0,09942054748535156 
0,12445449829101562 
0,08893013000488281 
0,0591278076171875 
0,048160552978515625 
0,09560585021972656 
0,06341934204101562 
0,19240379333496094 
0,14972686767578125 
0,12636184692382812 
0,2846717834472656 
0,04649162292480469 
0,06818771362304688 
0,04673004150390625 
0,057697296142578125 
0,06222724914550781 
0,08344650268554688 
0,05364418029785156 
0,05364418029785156 
0,08177757263183594 
0,11014938354492188 
0,08249282836914062 
0,06532669067382812 
0,05984306335449219 
0,06461143493652344 
0,04124641418457031 
0,04673004150390625 
0,051975250244140625 
0,047206878662109375 
0,06175041198730469 
0,09369850158691406 
0,04315376281738281 
0,10442733764648438 
0,04076957702636719 
0,05817413330078125 
0,03790855407714844 
0,05459785461425781 
0,34999847412109375 
0,05888938903808594 
0,04982948303222656 
0,051975250244140625 
0,0476837158203125 
0,04673004150390625 
0,038623809814453125 
0,048160552978515625 
0,036716461181640625 
0,05602836608886719 
0,04935264587402344 
0,07867813110351562 
0,05054473876953125 
0,07033348083496094 
0,04792213439941406 
0,05626678466796875 
0,05936622619628906 
0,05364418029785156 
0,03743171691894531 
0,07867813110351562 
0,037670135498046875 
0,051975250244140625 
0,03790855407714844 
0,051975250244140625 
0,04792213439941406 
0,05054473876953125 
0,037670135498046875 
0,053882598876953125 
0,04482269287109375 
0,05316734313964844 
0,06914138793945312 
0,06198883056640625 
0,03743171691894531 
0,04458427429199219 
0,07843971252441406 
0,05817413330078125 
0,04291534423828125 
0,049591064453125 
0,036716461181640625 
0,05269050598144531 
0,04029273986816406 
0,06008148193359375 
0,06437301635742188 
0,046253204345703125 
0,03743171691894531 
0,04100799560546875 
0,03814697265625 
0,04124641418457031 
0,04124641418457031 
0,04601478576660156 
0,041484832763671875 
0,041484832763671875 
0,04124641418457031 
0,05221366882324219 
0,05078315734863281 
0,051975250244140625 
0,1308917999267578 
0,03910064697265625 
0,03600120544433594 
0,05626678466796875 
0,08249282836914062 
0,34332275390625 
0,03719329833984375 
0,06580352783203125 
0,08988380432128906 
0,05650520324707031 
0,016689300537109375 
0,04482269287109375 
0,07367134094238281 
0,04506111145019531 
0,03981590270996094 
0,08893013000488281 
0,05888938903808594 
0,118255615234375 
0,08630752563476562 
0,05245208740234375 
0,05650520324707031 
0,04363059997558594 
0,03886222839355469 
0,04673004150390625 
0,06604194641113281 
0,048160552978515625 
0,0457763671875 
0,05936622619628906 
0,0438690185546875 
0,1285076141357422 
0,05125999450683594 
0,13828277587890625 
0,0514984130859375 
0,060558319091796875 
0,04315376281738281 
0,11610984802246094 
0,04792213439941406 
0,06389617919921875 
0,04363059997558594 
0,041961669921875 
0,04363059997558594 
0,05221366882324219 
0,03528594970703125 
0,054836273193359375 
0,0457763671875 
0,05745887756347656 
0,06914138793945312 
0,04982948303222656 
0,04553794860839844 
0,08606910705566406 
0,05412101745605469 
0,052928924560546875 
0,05602836608886719 
0,04839897155761719 
0,04506111145019531 
0,05817413330078125 
0,049114227294921875 
0,1423358917236328 
0,058650970458984375 
0,05626678466796875 
0,04601478576660156 
0,06842613220214844 
0,05316734313964844 
0,04363059997558594 
0,06723403930664062 
0,05054473876953125 
0,04935264587402344 
0,09918212890625 
0,041961669921875 
0,06532669067382812 
0,04839897155761719 
0,09632110595703125 
0,09393692016601562 
0,07510185241699219 
0,05650520324707031 
0,045299530029296875 
0,06628036499023438 
0,04100799560546875 
0,03552436828613281 
0,043392181396484375 
0,04172325134277344 
0,059604644775390625 
0,060558319091796875 
0,05340576171875 
0,046253204345703125 
0,05125999450683594 
0,03886222839355469 
0,05078315734863281 
0,039577484130859375 
0,07915496826171875 
0,08726119995117188 
0,11467933654785156 
0,20384788513183594 
0,06413459777832031 
0,06961822509765625 
0,09059906005859375 
0,0400543212890625 
0,04744529724121094 
0,04172325134277344 
0,06270408630371094 
0,038623809814453125 
0,064849853515625 
0,03981590270996094 
0,06437301635742188 
0,041961669921875 
0,046253204345703125 
0,04124641418457031 
0,040531158447265625 
0,03647804260253906 
0,03790855407714844 
0,034332275390625 
0,04863739013671875 
0,029325485229492188 
0,030517578125 
0,026941299438476562 
0,026941299438476562 
0,041961669921875 
0,04291534423828125 
0,03504753112792969 
0,043392181396484375 
0,033855438232421875 
0,03790855407714844 
0,03981590270996094 
0,11849403381347656 
0,04100799560546875 
0,04267692565917969 
0,04076957702636719 
0,019550323486328125 
0,0591278076171875 
0,10323524475097656 
0,12254714965820312 
0,06222724914550781 
0,05078315734863281 
0,12946128845214844 
0,06341934204101562 
0,06008148193359375 
0,058650970458984375 
0,05269050598144531 
0,04696846008300781 
0,05698204040527344 
0,04076957702636719 
0,05745887756347656 
0,041961669921875 
0,05030632019042969 
0,055789947509765625 
0,06222724914550781 
0,0457763671875 
0,05221366882324219 
0,05173683166503906 
0,04601478576660156 
0,060558319091796875 
0,04410743713378906 
0,039577484130859375 
0,06866455078125 
0,04482269287109375 
0,05435943603515625 
0,042438507080078125 
0,0457763671875 
0,03910064697265625 
0,04506111145019531 
0,03814697265625 
0,04315376281738281 
0,04124641418457031 
0,062465667724609375 
0,04220008850097656 
0,0591278076171875 
0,09107589721679688 
0,051021575927734375 
0,0553131103515625 
0,05698204040527344 
0,042438507080078125 
0,04267692565917969 
0,038623809814453125 
0,040531158447265625 
0,045299530029296875 
0,04267692565917969 
0,047206878662109375 
0,062465667724609375 
0,04100799560546875 
0,4115104675292969 
0,05936622619628906 
0,05221366882324219 
0,038623809814453125 
0,04267692565917969 
0,0362396240234375 
0,0438690185546875 
0,04124641418457031 
0,04291534423828125 
0,0820159912109375 
0,05078315734863281 
0,04935264587402344 
0,057220458984375 
0,03981590270996094 
0,040531158447265625 
0,029087066650390625 
0,02765655517578125 
0,03337860107421875 
0,04220008850097656 
0,03814697265625 
0,0438690185546875 
0,043392181396484375 
0,04863739013671875 
0,06222724914550781 
0,0476837158203125 
0,038623809814453125 
0,044345855712890625 
0,037670135498046875 
0,05698204040527344 
0,07200241088867188 
0,04172325134277344 
0,0362396240234375 
0,04076957702636719 
0,05054473876953125 
0,11110305786132812 
0,04696846008300781 
0,06175041198730469 
0,04982948303222656 
0,11038780212402344 
0,04029273986816406 
0,04124641418457031 
0,0362396240234375 
0,04649162292480469 
0,051021575927734375 
0,05626678466796875 
0,042438507080078125 
0,044345855712890625 
0,03528594970703125 
0,04220008850097656 
0,0362396240234375 
0,05221366882324219 
0,040531158447265625 
0,04315376281738281 
0,041961669921875 
0,044345855712890625 
0,0438690185546875 
0,06365776062011719 
0,04172325134277344 
0,09894371032714844 
0,12230873107910156 
0,0553131103515625 
0,04220008850097656 
0,059604644775390625 
0,03552436828613281 
0,06198883056640625 
0,04506111145019531 
0,04291534423828125 
0,0743865966796875 
0,14472007751464844 
0,056743621826171875 
0,06818771362304688 
0,04220008850097656 
0,05459785461425781 
0,07987022399902344 
0,045299530029296875 
0,07128715515136719 
0,06651878356933594 
0,051021575927734375 
0,04172325134277344 
0,0362396240234375 
0,0438690185546875 
0,03695487976074219 
0,06771087646484375 
0,04696846008300781 
0,04291534423828125 
0,04506111145019531 
0,041961669921875 
0,059604644775390625 
0,04410743713378906 
0,042438507080078125 
0,06318092346191406 
0,05626678466796875 
0,07176399230957031 
0,15926361083984375 
0,10323524475097656 
0,05793571472167969 
0,053882598876953125 
0,022649765014648438 
0,029802322387695312 
0,057220458984375 
0,04220008850097656 
0,05555152893066406 
0,05245208740234375 
0,05364418029785156 
0,04649162292480469 
0,04100799560546875 
0,05435943603515625 
0,049114227294921875 
0,05340576171875 
0,040531158447265625 
0,04935264587402344 
0,04076957702636719 
0,051975250244140625 
0,038623809814453125 
0,08416175842285156 
0,059604644775390625 
0,052928924560546875 
0,055789947509765625 
0,041484832763671875 
0,16307830810546875 
0,1475811004638672 
0,04410743713378906 
0,04839897155761719 
0,0934600830078125 
0,051975250244140625 
0,091552734375 
0,16260147094726562 
0,04458427429199219 
0,04935264587402344 
0,044345855712890625 
0,12230873107910156 
0,0591278076171875 
0,051975250244140625 
0,03647804260253906 
0,04220008850097656 
0,04982948303222656 
0,05507469177246094 
0,05030632019042969 
0,05459785461425781 
0,08845329284667969 
0,11730194091796875 
0,07319450378417969 
0,06079673767089844 
0,05316734313964844 
0,07796287536621094 
0,03719329833984375 
0,05078315734863281 
0,0476837158203125 
0,049114227294921875 
0,037670135498046875 
0,042438507080078125 
0,03910064697265625 
0,0476837158203125 
0,07891654968261719 
0,04553794860839844 
0,037670135498046875 
0,047206878662109375 
0,04649162292480469 
0,047206878662109375 
0,03790855407714844 
0,05602836608886719 
0,03886222839355469 
0,06103515625 
0,05125999450683594 
0,060558319091796875 
0,045299530029296875 
0,05054473876953125 
0,03695487976074219 
0,05221366882324219 
0,04076957702636719 
0,048160552978515625 
0,03886222839355469 
0,05650520324707031 
0,03528594970703125 
0,028133392333984375 
0,022172927856445312 
0,03147125244140625 
0,021457672119140625 
0,02574920654296875 
0,019788742065429688 
0,01430511474609375 
0,03814697265625 
0,050067901611328125 
0,04315376281738281 
0,04792213439941406 
0,09799003601074219 
0,04935264587402344 
0,04506111145019531 
0,051021575927734375 
0,06723403930664062 
0,048160552978515625 
0,04124641418457031 
0,06508827209472656 
0,036716461181640625 
0,04482269287109375 
0,04291534423828125 
0,04744529724121094 
0,036716461181640625 
0,05435943603515625 
0,052928924560546875 
0,04124641418457031 
0,03814697265625 
0,04649162292480469 
0,10037422180175781 
0,047206878662109375 
0,049114227294921875 
0,04649162292480469 
0,07200241088867188 
0,05221366882324219 
0,04410743713378906 
0,06365776062011719 
0,07128715515136719 
0,04458427429199219 
0,05173683166503906 
0,04410743713378906 
0,037670135498046875 
0,04673004150390625 
0,040531158447265625 
0,08463859558105469 
0,05555152893066406 
0,07653236389160156 
0,06175041198730469 
0,04792213439941406 
0,036716461181640625 
0,0438690185546875 
0,036716461181640625 
0,05459785461425781 
0,0400543212890625 
0,22721290588378906 
0,12302398681640625 
0,060558319091796875 
0,05125999450683594 
0,05888938903808594 
0,056743621826171875 
0,11372566223144531 
0,06079673767089844 
0,05245208740234375 
0,038623809814453125 
0,06699562072753906 
0,041484832763671875 
0,06341934204101562 
0,04363059997558594 
0,041484832763671875 
0,04172325134277344 
0,04076957702636719 
0,038623809814453125 
0,059604644775390625 
0,05555152893066406 
0,0457763671875 
0,04649162292480469 
0,05078315734863281 
0,057220458984375 
0,04982948303222656 
0,05316734313964844 
0,05984306335449219 
0,04172325134277344 
0,11110305786132812 
0,0553131103515625 
0,06461143493652344 
0,0247955322265625 
0,06508827209472656 
0,04410743713378906 
0,09274482727050781 
0,038623809814453125 
0,04792213439941406 
0,03719329833984375 
0,043392181396484375 
0,035762786865234375 
0,04124641418457031 
0,03695487976074219 
0,04076957702636719 
0,03790855407714844 
0,04649162292480469 
0,04100799560546875 
0,044345855712890625 
0,10561943054199219 
0,15234947204589844 
0,04887580871582031 
0,047206878662109375 
0,09250640869140625 
0,06270408630371094 
0,053882598876953125 
0,05435943603515625 
0,07462501525878906 
0,05078315734863281 
0,04982948303222656 
0,04601478576660156 
0,05507469177246094 
0,0514984130859375 
0,0476837158203125 
0,043392181396484375 
0,038623809814453125 
0,047206878662109375 
0,05245208740234375 
0,04291534423828125 
0,04839897155761719 
0,04172325134277344 
0,03790855407714844 
0,051975250244140625 
0,059604644775390625 
0,04506111145019531 
0,07843971252441406 
0,05030632019042969 
0,09441375732421875 
0,042438507080078125 
0,03814697265625 
0,04982948303222656 
0,04076957702636719 
0,07390975952148438 
0,05745887756347656 
0,05078315734863281 
0,05841255187988281 
0,07557868957519531 
0,05245208740234375 
0,05555152893066406 
0,03552436828613281 
0,04601478576660156 
0,041484832763671875 
0,04887580871582031 
0,03743171691894531 
0,04220008850097656 
0,041484832763671875 
0,047206878662109375 
0,04076957702636719 
0,046253204345703125 
0,034332275390625 
0,044345855712890625 
0,04172325134277344 
0,04124641418457031 
0,037670135498046875 
0,04839897155761719 
0,05793571472167969 
0,03933906555175781 
0,04363059997558594 
0,037670135498046875 
0,0171661376953125 
0,04506111145019531 
0,036716461181640625 
0,025987625122070312 
0,06341934204101562 
0,04887580871582031 
0,04172325134277344 
0,041961669921875 
0,03910064697265625 
0,04744529724121094 
0,04029273986816406 
0,041961669921875 
0,037670135498046875 
0,05030632019042969 
0,04076957702636719 
0,06365776062011719 
0,059604644775390625 
0,06508827209472656 
0,03910064697265625 
0,05269050598144531 
0,050067901611328125 
0,04291534423828125 
0,03814697265625 
0,06198883056640625 
0,05125999450683594 
0,04172325134277344 
0,05316734313964844 
0,06222724914550781 
0,03886222839355469 
0,06365776062011719 
0,05173683166503906 
0,0591278076171875 
0,0400543212890625 
0,045299530029296875 
0,16236305236816406 
0,04601478576660156 
0,06031990051269531 
0,050067901611328125 
0,04696846008300781 
0,06175041198730469 
0,1964569091796875 
0,05888938903808594 
0,06532669067382812 
0,11730194091796875 
0,05030632019042969 
0,06985664367675781 
0,09226799011230469 
0,06818771362304688 
0,04792213439941406 
0,06222724914550781 
0,051021575927734375 
0,06771087646484375 
0,07843971252441406 
0,05316734313964844 
0,0438690185546875 
0,0743865966796875 
0,04220008850097656 
0,049114227294921875 
0,03790855407714844 
0,057697296142578125 
0,05078315734863281 
0,04935264587402344 
0,038623809814453125 
0,0514984130859375 
0,03647804260253906 
0,04363059997558594 
0,0400543212890625 
0,0514984130859375 
0,04673004150390625 
0,11730194091796875 
0,08845329284667969 
0,0782012939453125 
0,062465667724609375 
0,1418590545654297 
0,04482269287109375 
0,2551078796386719 
0,042438507080078125 
0,06127357482910156 
0,06222724914550781 
0,04744529724121094 
0,042438507080078125 
0,06222724914550781 
0,045299530029296875 
0,049114227294921875 
0,03886222839355469 
0,06008148193359375 
0,04553794860839844 
0,07295608520507812 
0,03695487976074219 
0,04482269287109375 
0,03695487976074219 
0,05221366882324219 
0,05078315734863281 
0,03719329833984375 
0,03147125244140625 
0,04363059997558594 
0,05030632019042969 
0,04172325134277344 
0,06580352783203125 
0,05626678466796875 
0,08702278137207031 
0,05936622619628906 
0,05125999450683594 
0,08153915405273438 
0,04887580871582031 
0,05173683166503906 
0,049114227294921875 
0,05817413330078125 
0,05412101745605469 
0,06008148193359375 
0,05030632019042969 
0,041484832763671875 
0,036716461181640625 
0,06508827209472656 
0,05650520324707031 
0,0553131103515625 
0,053882598876953125 
0,04863739013671875 
0,05698204040527344 
0,11610984802246094 
0,05626678466796875 
0,05650520324707031 
0,039577484130859375 
0,05054473876953125 
0,03790855407714844 
0,048160552978515625 
0,04291534423828125 
0,06437301635742188 
0,041961669921875 
0,06747245788574219 
0,05507469177246094 
0,048160552978515625 
0,0362396240234375 
0,04267692565917969 
0,0591278076171875 
0,05745887756347656 
0,03933906555175781 
0,052928924560546875 
0,05030632019042969 
0,04696846008300781 
0,03838539123535156 
0,0438690185546875 
0,03814697265625 
0,04172325134277344 
0,037670135498046875 
0,0400543212890625 
0,0438690185546875 
0,04839897155761719 
0,04076957702636719 
0,06866455078125 
0,1270771026611328 
0,1773834228515625 
0,038623809814453125 
0,04696846008300781 
0,04315376281738281 
0,04792213439941406 
0,04220008850097656 
0,05054473876953125 
0,04744529724121094 
0,043392181396484375 
0,03552436828613281 
0,04410743713378906 
0,04887580871582031 
0,06580352783203125 
0,0782012939453125 
0,10633468627929688 
0,08130073547363281 
0,07343292236328125 
0,06461143493652344 
0,06461143493652344 
0,04649162292480469 
0,06413459777832031 
0,17023086547851562 
0,04935264587402344 
0,04410743713378906 
0,0457763671875 
0,04458427429199219 
0,052928924560546875 
0,02765655517578125 
0,033855438232421875 
0,1533031463623047 
0,029802322387695312 
0,026464462280273438 
0,023365020751953125 
0,041484832763671875 
0,04410743713378906 
0,03790855407714844 
0,05125999450683594 
0,04267692565917969 
0,05412101745605469 
0,03719329833984375 
0,043392181396484375 
0,03790855407714844 
0,04291534423828125 
0,04172325134277344 
0,05412101745605469 
0,04458427429199219 
0,05364418029785156 
0,049591064453125 
0,07796287536621094 
0,04935264587402344 
0,08630752563476562 
0,041961669921875 
0,04410743713378906 
0,04267692565917969 
0,051975250244140625 
0,04172325134277344 
0,047206878662109375 
0,04076957702636719 
0,05054473876953125 
0,041484832763671875 
0,04982948303222656 
0,042438507080078125 
0,05340576171875 
0,0457763671875 
0,05650520324707031 
0,11301040649414062 
0,10418891906738281 
0,05078315734863281 
0,05626678466796875 
0,03552436828613281 
0,0400543212890625 
0,03600120544433594 
0,041961669921875 
0,04887580871582031 
0,05125999450683594 
0,03647804260253906 
0,039577484130859375 
0,10371208190917969 
0,05650520324707031 
0,04744529724121094 
0,05745887756347656 
0,04458427429199219 
0,04363059997558594 
0,06580352783203125 
0,04839897155761719 
0,03838539123535156 
0,04029273986816406 
0,03695487976074219 
0,035762786865234375 
0,04744529724121094 
0,05340576171875 
0,0362396240234375 
0,04792213439941406 
0,05650520324707031 
0,040531158447265625 
0,04839897155761719 
0,048160552978515625 
0,062465667724609375 
0,14019012451171875 
0,14925003051757812 
0,0438690185546875 
0,040531158447265625 
0,05221366882324219 
0,03790855407714844 
0,051975250244140625 
0,04220008850097656 
0,05435943603515625 
0,043392181396484375 
0,05984306335449219 
0,04935264587402344 
0,0247955322265625 
0,05245208740234375 
0,0476837158203125 
0,038623809814453125 
0,04315376281738281 
0,0591278076171875 
0,1800060272216797 
0,06365776062011719 
0,1468658447265625 
0,05650520324707031 
0,041961669921875 
0,04315376281738281 
0,04315376281738281 
0,0553131103515625 
0,06580352783203125 
0,05125999450683594 
0,043392181396484375 
0,03838539123535156 
0,044345855712890625 
0,04124641418457031 
0,04982948303222656 
0,043392181396484375 
0,06604194641113281 
0,038623809814453125 
0,057220458984375 
0,18286705017089844 
0,05626678466796875 
0,058650970458984375 
0,059604644775390625 
0,05555152893066406 
0,05888938903808594 
0,07534027099609375 
0,050067901611328125 
0,04982948303222656 
0,04887580871582031 
0,0476837158203125 
0,05817413330078125 
0,04458427429199219 
0,04482269287109375 
0,04935264587402344 
0,049114227294921875 
0,06127357482910156 
0,04553794860839844 
0,03647804260253906 
0,043392181396484375 
0,03910064697265625 
0,046253204345703125 
0,057697296142578125 
0,041484832763671875 
0,05817413330078125 
0,04887580871582031 
0,04792213439941406 
0,04410743713378906 
0,04649162292480469 
0,042438507080078125 
0,03981590270996094 
0,05888938903808594 
0,05269050598144531 
0,06175041198730469 
0,06699562072753906 
0,05125999450683594 
0,049591064453125 
0,042438507080078125 
0,03838539123535156 
0,04124641418457031 
0,057220458984375 
0,06365776062011719 
0,05316734313964844 
0,04315376281738281 
0,17380714416503906 
0,07390975952148438 
0,04792213439941406 
0,049591064453125 
0,0591278076171875 
0,05555152893066406 
0,03552436828613281 
0,040531158447265625 
0,05054473876953125 
0,06747245788574219 
0,03743171691894531 
0,04458427429199219 
0,040531158447265625 
0,04601478576660156 
0,0400543212890625 
0,048160552978515625 
0,07033348083496094 
0,05555152893066406 
0,0934600830078125 
0,08511543273925781 
0,018835067749023438 
0,04792213439941406 
0,09608268737792969 
0,04458427429199219 
0,05340576171875 
0,04267692565917969 
0,043392181396484375 
0,05316734313964844 
0,04410743713378906 
0,05650520324707031 
0,04982948303222656 
0,049114227294921875 
0,03719329833984375 
0,04410743713378906 
0,04863739013671875 
0,24247169494628906 
0,09918212890625 
0,05507469177246094 
0,050067901611328125 
0,0457763671875 
0,06461143493652344 
0,06890296936035156 
0,04410743713378906 
0,05125999450683594 
0,04887580871582031 
0,06628036499023438 
0,04172325134277344 
0,049591064453125 
0,04076957702636719 
0,23698806762695312 
0,07128715515136719 
0,045299530029296875 
0,044345855712890625 
0,061511993408203125 
0,04839897155761719 
0,042438507080078125 
0,03910064697265625 
0,04220008850097656 
0,03838539123535156 
0,0438690185546875 
0,05817413330078125 
0,06198883056640625 
0,12278556823730469 
0,11205673217773438 
0,040531158447265625 
0,04363059997558594 
0,04982948303222656 
0,0457763671875 
0,048160552978515625 
0,0457763671875 
0,046253204345703125 
0,05173683166503906 
0,05936622619628906 
0,12993812561035156 
0,043392181396484375 
0,05340576171875 
0,062465667724609375 
0,0457763671875 
0,03743171691894531 
0,05078315734863281 
0,05412101745605469 
0,05793571472167969 
0,04029273986816406 
0,04649162292480469 
0,03886222839355469 
0,04935264587402344 
0,041484832763671875 
0,25725364685058594 
0,06556510925292969 
0,06723403930664062 
0,04935264587402344 
0,05030632019042969 
0,04744529724121094 
0,05555152893066406 
0,03743171691894531 
0,04601478576660156 
0,03719329833984375 
0,0438690185546875 
0,03719329833984375 
0,06532669067382812 
0,057697296142578125 
0,05269050598144531 
0,04220008850097656 
0,06031990051269531 
0,11801719665527344 
0,057697296142578125 
0,0667572021484375 
0,05412101745605469 
0,0553131103515625 
0,051975250244140625 
0,04076957702636719 
0,042438507080078125 
0,04029273986816406 
0,045299530029296875 
0,040531158447265625 
0,08749961853027344 
0,05221366882324219 
0,07319450378417969 
0,04506111145019531 
0,05340576171875 
0,08988380432128906 
0,11658668518066406 
0,041961669921875 
0,055789947509765625 
0,0858306884765625 
0,051975250244140625 
0,037670135498046875 
0,041961669921875 
0,0591278076171875 
0,04935264587402344 
0,049114227294921875 
0,12254714965820312 
0,09107589721679688 
0,051975250244140625 
0,03814697265625 
0,03814697265625 
0,03528594970703125 
0,0400543212890625 
0,05412101745605469 
0,06318092346191406 
0,2090930938720703 
0,13780593872070312 
0,0514984130859375 
0,04887580871582031 
0,03981590270996094 
0,03981590270996094 
0,02384185791015625 
0,06890296936035156 
0,0438690185546875 
0,04982948303222656 
0,05793571472167969 
0,08869171142578125 
0,040531158447265625 
0,045299530029296875 
0,04887580871582031 
0,08702278137207031 
0,05602836608886719 
0,0457763671875 
0,04410743713378906 
0,07462501525878906 
0,05888938903808594 
0,05316734313964844 
0,041484832763671875 
0,05245208740234375 
0,0400543212890625 
0,0553131103515625 
0,03886222839355469 
0,04863739013671875 
0,03886222839355469 
0,04220008850097656 
0,04458427429199219 
0,04673004150390625 
0,041961669921875 
0,057220458984375 
0,039577484130859375 
0,045299530029296875 
0,06723403930664062 
0,06747245788574219 
0,04601478576660156 
0,04649162292480469 
0,041961669921875 
0,0438690185546875 
0,04553794860839844 
0,05412101745605469 
0,04291534423828125 
0,04935264587402344 
0,053882598876953125 
0,049114227294921875 
0,03910064697265625 
0,0438690185546875 
0,03647804260253906 
0,0438690185546875 
0,06556510925292969 
0,05841255187988281 
0,035762786865234375 
0,11372566223144531 
0,04601478576660156 
0,056743621826171875 
0,04506111145019531 
0,04458427429199219 
0,03814697265625 
0,04506111145019531 
0,041484832763671875 
0,041484832763671875 
0,04410743713378906 
0,06222724914550781 
0,05745887756347656 
0,05340576171875 
0,0629425048828125 
0,0438690185546875 
0,08869171142578125 
0,044345855712890625 
0,06222724914550781 
0,04601478576660156 
0,03886222839355469 
0,057220458984375 
0,0514984130859375 
0,04601478576660156 
0,13566017150878906 
0,08249282836914062 
0,04935264587402344 
0,04172325134277344 
0,07152557373046875 
0,06413459777832031 
0,047206878662109375 
0,06437301635742188 
0,05459785461425781 
0,07128715515136719 
0,05125999450683594 
0,1571178436279297 
0,10347366333007812 
0,04601478576660156 
0,051975250244140625 
0,05793571472167969 
0,04124641418457031 
0,05507469177246094 
0,03647804260253906 
0,04291534423828125 
0,0553131103515625 
0,05078315734863281 
0,05054473876953125 
0,04601478576660156 
0,03743171691894531 
0,051021575927734375 
0,055789947509765625 
0,026941299438476562 
0,018835067749023438 
0,05936622619628906 
0,03838539123535156 
0,05173683166503906 
0,037670135498046875 
0,09131431579589844 
0,05316734313964844 
0,15044212341308594 
0,0553131103515625 
0,06628036499023438 
0,14638900756835938 
0,049114227294921875 
0,04029273986816406 
0,05936622619628906 
0,041961669921875 
0,04982948303222656 
0,04029273986816406 
0,05125999450683594 
0,0438690185546875 
0,06794929504394531 
0,05412101745605469 
0,046253204345703125 
0,051021575927734375 
0,05364418029785156 
0,04887580871582031 
0,05054473876953125 
0,044345855712890625 
0,04982948303222656 
0,038623809814453125 
0,042438507080078125 
0,055789947509765625 
0,06127357482910156 
0,04506111145019531 
0,051021575927734375 
0,05745887756347656 
0,04220008850097656 
0,07748603820800781 
0,04935264587402344 
0,06818771362304688 
0,07390975952148438 
0,06842613220214844 
0,0591278076171875 
0,039577484130859375 
0,0476837158203125 
0,03743171691894531 
0,041961669921875 
0,043392181396484375 
0,04744529724121094 
0,038623809814453125 
0,07462501525878906 
0,06318092346191406 
0,047206878662109375 
0,07748603820800781 
0,06937980651855469 
0,11849403381347656 
0,040531158447265625 
0,08749961853027344 
0,12159347534179688 
0,03719329833984375 
0,07128715515136719 
0,04124641418457031 
0,11587142944335938 
0,05745887756347656 
0,0514984130859375 
0,04506111145019531 
0,1506805419921875 
0,15592575073242188 
0,15306472778320312 
0,06222724914550781 
0,05340576171875 
0,035762786865234375 
0,04076957702636719 
0,0514984130859375 
0,04220008850097656 
0,03504753112792969 
0,019788742065429688 
0,14853477478027344 
0,049591064453125 
0,047206878662109375 
0,04363059997558594 
0,045299530029296875 
0,05626678466796875 
0,06699562072753906 
0,04839897155761719 
0,04410743713378906 
0,04363059997558594 
0,04458427429199219 
0,0476837158203125 
0,046253204345703125 
0,045299530029296875 
