0,000476837158203125 
0,025987625122070312 
0,031948089599609375 
0,028133392333984375 
0,029087066650390625 
0,017881393432617188 
0,02956390380859375 
0,017642974853515625 
0,023603439331054688 
0,017642974853515625 
0,017881393432617188 
0,05030632019042969 
0,025987625122070312 
0,01811981201171875 
0,03337860107421875 
0,022172927856445312 
0,03266334533691406 
0,03361701965332031 
0,02956390380859375 
0,02574920654296875 
0,017881393432617188 
0,034809112548828125 
0,028371810913085938 
0,028371810913085938 
0,031232833862304688 
0,024318695068359375 
0,017642974853515625 
0,03790855407714844 
0,03337860107421875 
0,03457069396972656 
0,03337860107421875 
0,026941299438476562 
0,030279159545898438 
0,030994415283203125 
0,036716461181640625 
0,05888938903808594 
0,024080276489257812 
0,05936622619628906 
0,025272369384765625 
0,028133392333984375 
0,018596649169921875 
0,017642974853515625 
0,025510787963867188 
0,028848648071289062 
0,026226043701171875 
0,034809112548828125 
0,030517578125 
0,05507469177246094 
0,039577484130859375 
0,04792213439941406 
0,030994415283203125 
0,02765655517578125 
0,02956390380859375 
0,05125999450683594 
0,02193450927734375 
0,024557113647460938 
0,025987625122070312 
0,048160552978515625 
0,0457763671875 
0,03409385681152344 
0,03266334533691406 
0,029087066650390625 
0,030040740966796875 
0,0324249267578125 
0,06556510925292969 
0,03647804260253906 
0,03552436828613281 
0,019073486328125 
0,027894973754882812 
0,027418136596679688 
0,025272369384765625 
0,022649765014648438 
0,017404556274414062 
0,026702880859375 
0,03457069396972656 
0,039577484130859375 
0,031948089599609375 
0,030517578125 
0,025272369384765625 
0,03457069396972656 
0,042438507080078125 
0,0457763671875 
0,029087066650390625 
0,26106834411621094 
0,06771087646484375 
0,035762786865234375 
0,027179718017578125 
0,017404556274414062 
0,024318695068359375 
0,019788742065429688 
0,027894973754882812 
0,029087066650390625 
0,034332275390625 
0,026464462280273438 
0,025033950805664062 
0,07367134094238281 
0,030755996704101562 
0,026702880859375 
0,0286102294921875 
0,046253204345703125 
0,023365020751953125 
0,030994415283203125 
0,039577484130859375 
0,04363059997558594 
0,024557113647460938 
0,03743171691894531 
0,016927719116210938 
0,0362396240234375 
0,025510787963867188 
0,031232833862304688 
0,02384185791015625 
0,03504753112792969 
0,0247955322265625 
0,057697296142578125 
0,05793571472167969 
0,035762786865234375 
0,035762786865234375 
0,030755996704101562 
0,02956390380859375 
0,030994415283203125 
0,04553794860839844 
0,026226043701171875 
0,025510787963867188 
0,019073486328125 
0,028133392333984375 
0,024080276489257812 
0,023126602172851562 
0,04410743713378906 
0,02288818359375 
0,029087066650390625 
0,031232833862304688 
0,037670135498046875 
0,03552436828613281 
0,01811981201171875 
0,017642974853515625 
0,022649765014648438 
0,032901763916015625 
0,05173683166503906 
0,04744529724121094 
0,03266334533691406 
0,030755996704101562 
0,029802322387695312 
0,030279159545898438 
0,0286102294921875 
0,04100799560546875 
0,03647804260253906 
0,026702880859375 
0,026226043701171875 
0,03719329833984375 
0,03528594970703125 
0,026941299438476562 
0,029802322387695312 
0,032901763916015625 
0,030517578125 
0,03504753112792969 
0,031232833862304688 
0,05173683166503906 
0,027894973754882812 
0,031948089599609375 
0,060558319091796875 
0,025272369384765625 
0,03218650817871094 
0,04839897155761719 
0,026464462280273438 
0,025510787963867188 
0,031232833862304688 
0,03719329833984375 
0,0362396240234375 
0,038623809814453125 
0,06937980651855469 
0,03910064697265625 
0,02574920654296875 
0,017404556274414062 
0,028133392333984375 
0,034809112548828125 
0,03528594970703125 
0,03695487976074219 
0,026941299438476562 
0,039577484130859375 
0,03743171691894531 
0,03600120544433594 
0,027179718017578125 
0,04220008850097656 
0,032901763916015625 
0,05364418029785156 
0,03552436828613281 
0,04553794860839844 
0,034332275390625 
0,03695487976074219 
0,03695487976074219 
0,3669261932373047 
0,028371810913085938 
0,037670135498046875 
0,01811981201171875 
0,030279159545898438 
0,048160552978515625 
0,04673004150390625 
0,07152557373046875 
0,0286102294921875 
0,04076957702636719 
0,03218650817871094 
0,03528594970703125 
0,03409385681152344 
0,03147125244140625 
0,031232833862304688 
0,03457069396972656 
0,019788742065429688 
0,041484832763671875 
0,018358230590820312 
0,04410743713378906 
0,027418136596679688 
0,03457069396972656 
0,018358230590820312 
0,0400543212890625 
0,09036064147949219 
0,035762786865234375 
0,07152557373046875 
0,037670135498046875 
0,029802322387695312 
0,038623809814453125 
0,04982948303222656 
0,05459785461425781 
0,029087066650390625 
0,03457069396972656 
0,029087066650390625 
0,04696846008300781 
0,0362396240234375 
0,031232833862304688 
0,03790855407714844 
0,030994415283203125 
0,041961669921875 
0,02765655517578125 
0,021696090698242188 
0,04792213439941406 
0,03266334533691406 
0,044345855712890625 
0,029087066650390625 
0,041484832763671875 
0,02574920654296875 
0,03504753112792969 
0,08392333984375 
0,030517578125 
0,028848648071289062 
0,024557113647460938 
0,03170967102050781 
0,017881393432617188 
0,03552436828613281 
0,03981590270996094 
0,0362396240234375 
0,019073486328125 
0,03695487976074219 
0,03504753112792969 
0,04458427429199219 
0,038623809814453125 
0,03218650817871094 
0,027894973754882812 
0,03409385681152344 
0,04172325134277344 
0,03600120544433594 
0,03218650817871094 
0,017404556274414062 
0,021457672119140625 
0,025272369384765625 
0,031232833862304688 
0,018358230590820312 
0,04410743713378906 
0,017881393432617188 
0,09870529174804688 
0,024318695068359375 
0,03457069396972656 
0,0324249267578125 
0,03528594970703125 
0,030755996704101562 
0,028371810913085938 
0,030517578125 
0,027894973754882812 
0,03981590270996094 
0,021696090698242188 
0,03528594970703125 
0,0438690185546875 
0,030517578125 
0,03790855407714844 
0,02288818359375 
0,023126602172851562 
0,05173683166503906 
0,0247955322265625 
0,0362396240234375 
0,029802322387695312 
0,039577484130859375 
0,027894973754882812 
0,10919570922851562 
0,038623809814453125 
0,028133392333984375 
0,03695487976074219 
0,02956390380859375 
0,0400543212890625 
0,03337860107421875 
0,026464462280273438 
0,02956390380859375 
0,019073486328125 
0,018835067749023438 
0,017881393432617188 
0,03743171691894531 
0,029802322387695312 
0,027418136596679688 
0,04553794860839844 
0,030755996704101562 
0,018835067749023438 
0,03838539123535156 
0,04100799560546875 
0,03647804260253906 
0,030994415283203125 
0,029802322387695312 
0,04076957702636719 
0,05316734313964844 
0,0362396240234375 
0,04482269287109375 
0,025033950805664062 
0,03719329833984375 
0,03695487976074219 
0,03695487976074219 
0,03266334533691406 
0,028848648071289062 
0,030517578125 
0,031232833862304688 
0,03528594970703125 
0,036716461181640625 
0,03552436828613281 
0,025987625122070312 
0,017881393432617188 
0,027418136596679688 
0,06079673767089844 
0,03457069396972656 
0,03743171691894531 
0,018835067749023438 
0,04506111145019531 
0,05364418029785156 
0,026464462280273438 
0,024318695068359375 
0,02956390380859375 
0,029802322387695312 
0,03647804260253906 
0,024318695068359375 
0,024557113647460938 
0,019311904907226562 
0,02956390380859375 
0,029802322387695312 
0,02574920654296875 
0,03314018249511719 
0,030040740966796875 
0,026702880859375 
0,028371810913085938 
0,03409385681152344 
0,03337860107421875 
0,03147125244140625 
0,03314018249511719 
0,04124641418457031 
0,036716461181640625 
0,026941299438476562 
0,020742416381835938 
0,025987625122070312 
0,024318695068359375 
0,035762786865234375 
0,03314018249511719 
0,07724761962890625 
0,026702880859375 
0,03504753112792969 
0,030517578125 
0,04482269287109375 
0,029802322387695312 
0,04220008850097656 
0,025987625122070312 
0,028371810913085938 
0,026702880859375 
0,024318695068359375 
0,027179718017578125 
0,03600120544433594 
0,027418136596679688 
0,031232833862304688 
0,0514984130859375 
0,036716461181640625 
0,033855438232421875 
0,01811981201171875 
0,06985664367675781 
0,027179718017578125 
0,04363059997558594 
0,027894973754882812 
0,03409385681152344 
0,026464462280273438 
0,11849403381347656 
0,035762786865234375 
0,0247955322265625 
0,03409385681152344 
0,025033950805664062 
0,028848648071289062 
0,049114227294921875 
0,026226043701171875 
0,05316734313964844 
0,06771087646484375 
0,048160552978515625 
0,03337860107421875 
0,034809112548828125 
0,024080276489257812 
0,024080276489257812 
0,04601478576660156 
0,19621849060058594 
0,10919570922851562 
0,04887580871582031 
0,03457069396972656 
0,051975250244140625 
0,03361701965332031 
0,034809112548828125 
0,04267692565917969 
0,02193450927734375 
0,030040740966796875 
0,04863739013671875 
0,02956390380859375 
0,026702880859375 
0,03552436828613281 
0,023126602172851562 
0,02574920654296875 
0,031948089599609375 
0,023603439331054688 
0,03719329833984375 
0,05316734313964844 
0,03170967102050781 
0,03314018249511719 
0,035762786865234375 
0,02765655517578125 
0,03457069396972656 
0,029802322387695312 
0,03361701965332031 
0,030517578125 
0,03647804260253906 
0,027179718017578125 
0,02956390380859375 
0,12803077697753906 
0,03933906555175781 
0,03266334533691406 
0,05435943603515625 
0,051021575927734375 
0,036716461181640625 
0,03170967102050781 
0,031232833862304688 
0,030040740966796875 
0,018835067749023438 
0,026702880859375 
0,04982948303222656 
0,037670135498046875 
0,030040740966796875 
0,03314018249511719 
0,028133392333984375 
0,02765655517578125 
0,031948089599609375 
0,07700920104980469 
0,028371810913085938 
0,025987625122070312 
0,027894973754882812 
0,027179718017578125 
0,033855438232421875 
0,03314018249511719 
0,018835067749023438 
0,05030632019042969 
0,03147125244140625 
0,03409385681152344 
0,024318695068359375 
0,030040740966796875 
0,04124641418457031 
0,021457672119140625 
0,03170967102050781 
0,030755996704101562 
0,03790855407714844 
0,02765655517578125 
0,026941299438476562 
0,029325485229492188 
0,024080276489257812 
0,03647804260253906 
0,027179718017578125 
0,04267692565917969 
0,03695487976074219 
0,05030632019042969 
0,03504753112792969 
0,030755996704101562 
0,0209808349609375 
0,030517578125 
0,0247955322265625 
0,025510787963867188 
0,040531158447265625 
0,01811981201171875 
0,049591064453125 
0,0629425048828125 
0,051975250244140625 
0,03266334533691406 
0,017881393432617188 
0,04267692565917969 
0,028133392333984375 
0,040531158447265625 
0,028133392333984375 
0,042438507080078125 
0,028371810913085938 
0,05626678466796875 
0,03838539123535156 
0,04458427429199219 
0,024557113647460938 
0,023603439331054688 
0,03647804260253906 
0,029325485229492188 
0,021457672119140625 
0,03361701965332031 
0,018835067749023438 
0,050067901611328125 
0,09441375732421875 
0,030994415283203125 
0,03790855407714844 
0,03695487976074219 
0,03790855407714844 
0,030994415283203125 
0,03337860107421875 
0,03910064697265625 
0,03361701965332031 
0,027894973754882812 
0,11897087097167969 
0,031948089599609375 
0,026941299438476562 
0,041484832763671875 
0,06937980651855469 
0,04363059997558594 
0,045299530029296875 
0,03719329833984375 
0,030279159545898438 
0,03504753112792969 
0,029325485229492188 
0,03814697265625 
0,02384185791015625 
0,029802322387695312 
0,027894973754882812 
0,03743171691894531 
0,03695487976074219 
0,1327991485595703 
0,030279159545898438 
0,029802322387695312 
0,06842613220214844 
0,03266334533691406 
0,025272369384765625 
0,04410743713378906 
0,09584426879882812 
0,031948089599609375 
0,034332275390625 
0,08749961853027344 
0,03361701965332031 
0,039577484130859375 
0,028371810913085938 
0,03528594970703125 
0,031232833862304688 
0,0400543212890625 
0,0171661376953125 
0,035762786865234375 
0,02288818359375 
0,04315376281738281 
0,030755996704101562 
0,03933906555175781 
0,0362396240234375 
0,024080276489257812 
0,03838539123535156 
0,06437301635742188 
0,04124641418457031 
0,03743171691894531 
0,0362396240234375 
0,034809112548828125 
0,03147125244140625 
0,0209808349609375 
0,02384185791015625 
0,03910064697265625 
0,026702880859375 
0,027179718017578125 
0,032901763916015625 
0,04100799560546875 
0,030755996704101562 
0,024080276489257812 
0,025510787963867188 
0,026464462280273438 
0,029087066650390625 
0,028133392333984375 
0,028371810913085938 
0,03528594970703125 
0,025272369384765625 
0,028133392333984375 
0,024557113647460938 
0,029802322387695312 
0,021457672119140625 
0,017881393432617188 
0,03528594970703125 
0,045299530029296875 
0,02384185791015625 
0,0171661376953125 
0,02765655517578125 
0,030040740966796875 
0,03457069396972656 
0,10609626770019531 
0,026226043701171875 
0,027418136596679688 
0,031232833862304688 
0,027179718017578125 
0,03981590270996094 
0,032901763916015625 
0,05221366882324219 
0,024080276489257812 
0,0782012939453125 
0,030040740966796875 
0,0362396240234375 
0,026702880859375 
0,07414817810058594 
0,02193450927734375 
0,026702880859375 
0,043392181396484375 
0,032901763916015625 
0,017881393432617188 
0,037670135498046875 
0,08225440979003906 
0,030517578125 
0,01811981201171875 
0,03528594970703125 
0,027179718017578125 
0,0286102294921875 
0,01811981201171875 
0,031948089599609375 
0,03409385681152344 
0,02574920654296875 
0,03147125244140625 
0,0324249267578125 
0,040531158447265625 
0,03504753112792969 
0,028848648071289062 
0,029087066650390625 
0,0438690185546875 
0,03719329833984375 
0,030279159545898438 
0,03457069396972656 
0,025510787963867188 
0,02765655517578125 
0,040531158447265625 
0,018358230590820312 
0,030517578125 
0,03337860107421875 
0,017404556274414062 
0,046253204345703125 
0,028848648071289062 
0,029802322387695312 
0,048160552978515625 
0,05340576171875 
0,03266334533691406 
0,027418136596679688 
0,024557113647460938 
0,030517578125 
0,031232833862304688 
0,028133392333984375 
0,029325485229492188 
0,03743171691894531 
0,0324249267578125 
0,03314018249511719 
0,037670135498046875 
0,030040740966796875 
0,023126602172851562 
0,037670135498046875 
0,05841255187988281 
0,02288818359375 
0,02384185791015625 
0,037670135498046875 
0,019550323486328125 
0,028371810913085938 
0,039577484130859375 
0,023603439331054688 
0,03314018249511719 
0,026464462280273438 
0,017642974853515625 
0,031232833862304688 
0,02384185791015625 
0,024557113647460938 
0,02574920654296875 
0,03409385681152344 
0,025510787963867188 
0,018835067749023438 
0,03170967102050781 
0,04076957702636719 
0,03147125244140625 
0,029802322387695312 
0,026226043701171875 
0,03790855407714844 
0,030755996704101562 
0,041484832763671875 
0,04220008850097656 
0,06031990051269531 
0,03600120544433594 
0,025272369384765625 
0,043392181396484375 
0,02574920654296875 
0,029802322387695312 
0,03361701965332031 
0,02765655517578125 
0,03981590270996094 
0,039577484130859375 
0,025987625122070312 
0,028371810913085938 
0,039577484130859375 
0,025510787963867188 
0,04363059997558594 
0,034809112548828125 
0,016927719116210938 
0,03528594970703125 
0,03218650817871094 
0,026941299438476562 
0,04863739013671875 
0,03170967102050781 
0,026702880859375 
0,029087066650390625 
0,037670135498046875 
0,04458427429199219 
0,032901763916015625 
0,030755996704101562 
0,025033950805664062 
0,03314018249511719 
0,030755996704101562 
0,03266334533691406 
0,025272369384765625 
0,04315376281738281 
0,04673004150390625 
0,03457069396972656 
0,0247955322265625 
0,019550323486328125 
0,03457069396972656 
0,025272369384765625 
0,025033950805664062 
0,02956390380859375 
0,02956390380859375 
0,020265579223632812 
0,029325485229492188 
0,03647804260253906 
0,032901763916015625 
0,02956390380859375 
0,05555152893066406 
0,026226043701171875 
0,031232833862304688 
0,0247955322265625 
0,02765655517578125 
0,026941299438476562 
0,04124641418457031 
0,051021575927734375 
0,021696090698242188 
0,025033950805664062 
0,03337860107421875 
0,040531158447265625 
0,017404556274414062 
0,03314018249511719 
0,02956390380859375 
0,0362396240234375 
0,02765655517578125 
0,02193450927734375 
0,02288818359375 
0,028133392333984375 
0,024318695068359375 
0,0209808349609375 
0,028848648071289062 
0,017404556274414062 
0,03361701965332031 
0,025033950805664062 
0,03647804260253906 
0,024080276489257812 
0,04100799560546875 
0,03647804260253906 
0,03314018249511719 
0,051975250244140625 
0,028371810913085938 
0,028133392333984375 
0,0286102294921875 
0,033855438232421875 
0,017404556274414062 
0,026464462280273438 
0,034332275390625 
0,04267692565917969 
0,03457069396972656 
0,02765655517578125 
0,034332275390625 
0,030517578125 
0,04267692565917969 
0,03218650817871094 
0,03147125244140625 
0,0324249267578125 
0,037670135498046875 
0,0514984130859375 
0,05030632019042969 
0,04792213439941406 
0,033855438232421875 
0,03838539123535156 
0,09393692016601562 
0,05698204040527344 
0,04172325134277344 
0,03600120544433594 
0,038623809814453125 
0,042438507080078125 
0,03528594970703125 
0,041484832763671875 
0,026702880859375 
0,027179718017578125 
0,031232833862304688 
0,04792213439941406 
0,04267692565917969 
0,031948089599609375 
0,03647804260253906 
0,04029273986816406 
0,026226043701171875 
0,03409385681152344 
0,030994415283203125 
0,021696090698242188 
0,02765655517578125 
0,03838539123535156 
0,030517578125 
0,0286102294921875 
0,029087066650390625 
0,025987625122070312 
0,03457069396972656 
0,0286102294921875 
0,034332275390625 
0,025510787963867188 
0,025510787963867188 
0,029325485229492188 
0,030040740966796875 
0,026464462280273438 
0,0400543212890625 
0,036716461181640625 
0,019073486328125 
0,030040740966796875 
0,027894973754882812 
0,03314018249511719 
0,016927719116210938 
0,024080276489257812 
0,021219253540039062 
0,016450881958007812 
0,033855438232421875 
0,029802322387695312 
0,04506111145019531 
0,04506111145019531 
0,038623809814453125 
0,02956390380859375 
0,0476837158203125 
0,05745887756347656 
0,030755996704101562 
0,0171661376953125 
0,024557113647460938 
0,030994415283203125 
0,030040740966796875 
0,06437301635742188 
0,052928924560546875 
0,025987625122070312 
0,08034706115722656 
0,027179718017578125 
0,026464462280273438 
0,02765655517578125 
0,028848648071289062 
0,0457763671875 
0,02384185791015625 
0,05030632019042969 
0,030279159545898438 
0,021219253540039062 
0,041961669921875 
0,04887580871582031 
0,031232833862304688 
0,03743171691894531 
0,025033950805664062 
0,03457069396972656 
0,03647804260253906 
0,029087066650390625 
0,030279159545898438 
0,033855438232421875 
0,022649765014648438 
0,017881393432617188 
0,028848648071289062 
0,034809112548828125 
0,02574920654296875 
0,031232833862304688 
0,03695487976074219 
0,04506111145019531 
0,04267692565917969 
0,03147125244140625 
0,04100799560546875 
0,026941299438476562 
0,030517578125 
0,10538101196289062 
0,07343292236328125 
0,0324249267578125 
0,024318695068359375 
0,025033950805664062 
0,03337860107421875 
0,027179718017578125 
0,0324249267578125 
0,021219253540039062 
0,031232833862304688 
0,02765655517578125 
0,04482269287109375 
0,026702880859375 
0,024557113647460938 
0,04482269287109375 
0,030994415283203125 
0,05817413330078125 
0,021696090698242188 
0,028133392333984375 
0,02574920654296875 
0,030517578125 
0,029802322387695312 
0,027418136596679688 
0,09751319885253906 
0,028848648071289062 
0,029802322387695312 
0,043392181396484375 
0,034809112548828125 
0,026941299438476562 
0,028371810913085938 
0,025033950805664062 
0,04100799560546875 
0,02956390380859375 
0,0286102294921875 
0,03814697265625 
0,023365020751953125 
0,016450881958007812 
0,027418136596679688 
0,03743171691894531 
0,042438507080078125 
0,030279159545898438 
0,03147125244140625 
0,0247955322265625 
0,024557113647460938 
0,026464462280273438 
0,02956390380859375 
0,02574920654296875 
0,0362396240234375 
0,0324249267578125 
0,02765655517578125 
0,03838539123535156 
0,027179718017578125 
0,023126602172851562 
0,03528594970703125 
0,025033950805664062 
0,016689300537109375 
0,03647804260253906 
0,03147125244140625 
0,035762786865234375 
0,017642974853515625 
0,020742416381835938 
0,027418136596679688 
0,027418136596679688 
0,024080276489257812 
0,030040740966796875 
0,024080276489257812 
0,03266334533691406 
0,03719329833984375 
0,04458427429199219 
0,027418136596679688 
0,044345855712890625 
0,03266334533691406 
0,028371810913085938 
0,04935264587402344 
0,0514984130859375 
0,030517578125 
0,03838539123535156 
0,03910064697265625 
0,02765655517578125 
0,03170967102050781 
0,04363059997558594 
0,030517578125 
0,025987625122070312 
0,02288818359375 
0,026464462280273438 
0,05435943603515625 
0,0247955322265625 
0,041961669921875 
0,02384185791015625 
0,017881393432617188 
0,030517578125 
0,026226043701171875 
0,08320808410644531 
0,030040740966796875 
0,028848648071289062 
0,023603439331054688 
0,03218650817871094 
0,028848648071289062 
0,025033950805664062 
0,03170967102050781 
0,020265579223632812 
0,03790855407714844 
0,07367134094238281 
0,0247955322265625 
0,06461143493652344 
0,02384185791015625 
0,01811981201171875 
0,02765655517578125 
0,0400543212890625 
0,04744529724121094 
0,048160552978515625 
0,061511993408203125 
0,023126602172851562 
0,031948089599609375 
0,03743171691894531 
0,036716461181640625 
0,02765655517578125 
0,027894973754882812 
0,029087066650390625 
0,034809112548828125 
0,031948089599609375 
0,030517578125 
0,027894973754882812 
0,02288818359375 
0,02765655517578125 
0,03552436828613281 
0,026702880859375 
0,015735626220703125 
0,022649765014648438 
0,019073486328125 
0,03504753112792969 
0,024318695068359375 
0,03147125244140625 
0,018358230590820312 
0,020503997802734375 
0,034332275390625 
0,02956390380859375 
0,04124641418457031 
0,027179718017578125 
0,023365020751953125 
0,026226043701171875 
0,027418136596679688 
0,02574920654296875 
0,03814697265625 
0,03337860107421875 
0,017881393432617188 
0,024080276489257812 
0,029325485229492188 
0,031948089599609375 
0,03933906555175781 
0,031232833862304688 
0,0247955322265625 
0,04291534423828125 
0,060558319091796875 
0,023603439331054688 
0,028133392333984375 
0,0514984130859375 
0,030279159545898438 
0,03218650817871094 
0,03552436828613281 
0,025033950805664062 
0,024080276489257812 
0,03910064697265625 
0,025272369384765625 
0,026226043701171875 
0,032901763916015625 
0,04172325134277344 
0,06198883056640625 
0,03218650817871094 
0,022172927856445312 
0,09560585021972656 
0,027894973754882812 
0,021457672119140625 
0,0171661376953125 
0,024080276489257812 
0,022411346435546875 
0,023603439331054688 
0,04673004150390625 
0,022649765014648438 
0,032901763916015625 
0,026226043701171875 
0,025510787963867188 
0,031232833862304688 
0,034809112548828125 
0,01621246337890625 
0,020742416381835938 
0,025272369384765625 
0,016689300537109375 
0,037670135498046875 
0,03218650817871094 
0,03314018249511719 
0,026226043701171875 
0,023126602172851562 
0,03600120544433594 
0,03147125244140625 
0,03600120544433594 
0,030755996704101562 
0,021457672119140625 
0,029325485229492188 
0,0171661376953125 
0,041961669921875 
0,029802322387695312 
0,0171661376953125 
0,029802322387695312 
0,03337860107421875 
0,025033950805664062 
0,028848648071289062 
0,01811981201171875 
0,026464462280273438 
0,03170967102050781 
0,0171661376953125 
0,030040740966796875 
0,017881393432617188 
0,030517578125 
0,03314018249511719 
0,030279159545898438 
0,024318695068359375 
0,027894973754882812 
0,04506111145019531 
0,01811981201171875 
0,0324249267578125 
0,03814697265625 
0,040531158447265625 
0,02956390380859375 
0,026941299438476562 
0,022649765014648438 
0,027179718017578125 
0,047206878662109375 
0,04696846008300781 
0,04124641418457031 
0,03266334533691406 
0,4315376281738281 
0,034809112548828125 
0,0476837158203125 
0,042438507080078125 
0,023603439331054688 
0,029325485229492188 
0,03314018249511719 
0,02574920654296875 
0,024080276489257812 
0,044345855712890625 
0,06318092346191406 
0,03361701965332031 
0,10204315185546875 
0,04792213439941406 
0,04744529724121094 
0,028133392333984375 
0,03504753112792969 
0,0286102294921875 
0,031232833862304688 
0,0324249267578125 
0,02956390380859375 
0,023365020751953125 
0,0286102294921875 
0,033855438232421875 
0,03218650817871094 
0,04291534423828125 
0,0362396240234375 
0,039577484130859375 
0,027418136596679688 
0,036716461181640625 
0,0247955322265625 
0,02956390380859375 
0,03790855407714844 
0,039577484130859375 
0,030755996704101562 
0,05602836608886719 
0,029087066650390625 
0,03218650817871094 
0,028133392333984375 
0,03457069396972656 
0,03504753112792969 
0,0324249267578125 
0,026941299438476562 
0,043392181396484375 
0,0247955322265625 
0,04076957702636719 
0,016927719116210938 
0,030517578125 
0,024318695068359375 
0,036716461181640625 
0,038623809814453125 
0,039577484130859375 
0,026702880859375 
0,02956390380859375 
0,03314018249511719 
0,0324249267578125 
0,024318695068359375 
0,040531158447265625 
0,05602836608886719 
0,04076957702636719 
0,043392181396484375 
0,03337860107421875 
0,032901763916015625 
0,024557113647460938 
0,025272369384765625 
0,04029273986816406 
0,021457672119140625 
0,017642974853515625 
0,025033950805664062 
0,028848648071289062 
0,03337860107421875 
0,026464462280273438 
0,03170967102050781 
0,0457763671875 
0,028133392333984375 
0,0362396240234375 
0,04076957702636719 
0,02956390380859375 
0,029325485229492188 
0,0209808349609375 
0,025033950805664062 
0,031232833862304688 
0,02765655517578125 
0,034809112548828125 
0,03528594970703125 
0,030279159545898438 
0,022649765014648438 
0,024318695068359375 
0,0324249267578125 
0,017404556274414062 
0,030517578125 
0,03790855407714844 
0,024318695068359375 
0,021219253540039062 
0,025033950805664062 
0,03147125244140625 
0,03695487976074219 
0,06437301635742188 
0,028133392333984375 
0,0209808349609375 
0,04076957702636719 
0,017404556274414062 
0,031948089599609375 
0,020265579223632812 
0,030279159545898438 
0,03647804260253906 
0,016689300537109375 
0,03695487976074219 
0,030994415283203125 
0,0514984130859375 
0,03170967102050781 
0,033855438232421875 
0,0286102294921875 
0,03337860107421875 
0,028371810913085938 
0,01811981201171875 
0,023365020751953125 
0,03504753112792969 
0,027179718017578125 
0,030040740966796875 
0,031232833862304688 
0,03170967102050781 
0,032901763916015625 
0,027179718017578125 
0,030040740966796875 
0,02384185791015625 
0,026226043701171875 
0,029087066650390625 
0,024080276489257812 
0,026464462280273438 
0,03314018249511719 
0,049114227294921875 
0,03147125244140625 
0,023603439331054688 
0,03147125244140625 
0,03337860107421875 
0,019311904907226562 
0,028133392333984375 
0,016689300537109375 
0,0324249267578125 
0,031232833862304688 
0,02765655517578125 
0,0324249267578125 
0,0362396240234375 
0,030040740966796875 
0,04315376281738281 
0,024318695068359375 
0,04744529724121094 
0,028848648071289062 
0,019073486328125 
0,049114227294921875 
0,03933906555175781 
0,020742416381835938 
0,029325485229492188 
0,034809112548828125 
0,029802322387695312 
0,028371810913085938 
0,027894973754882812 
0,047206878662109375 
0,029802322387695312 
0,027179718017578125 
0,03337860107421875 
0,025033950805664062 
0,044345855712890625 
0,03790855407714844 
0,07033348083496094 
0,025272369384765625 
0,03504753112792969 
0,017404556274414062 
0,024557113647460938 
0,0171661376953125 
0,03218650817871094 
0,03170967102050781 
0,031948089599609375 
0,030279159545898438 
0,02956390380859375 
0,02956390380859375 
0,04315376281738281 
0,042438507080078125 
0,021219253540039062 
0,034332275390625 
0,04291534423828125 
0,02384185791015625 
0,02384185791015625 
0,091552734375 
0,03337860107421875 
0,02956390380859375 
0,028133392333984375 
0,0286102294921875 
0,026702880859375 
0,0362396240234375 
0,03457069396972656 
0,03814697265625 
0,03552436828613281 
0,028371810913085938 
0,028371810913085938 
0,0171661376953125 
0,03337860107421875 
0,03647804260253906 
0,029325485229492188 
0,026226043701171875 
0,04410743713378906 
0,028133392333984375 
0,0247955322265625 
0,028133392333984375 
0,030279159545898438 
0,064849853515625 
0,02765655517578125 
0,07224082946777344 
0,023365020751953125 
0,037670135498046875 
0,05626678466796875 
0,0286102294921875 
0,030040740966796875 
0,03218650817871094 
0,0286102294921875 
0,04076957702636719 
0,018835067749023438 
0,087738037109375 
0,024318695068359375 
0,03838539123535156 
0,03552436828613281 
0,023365020751953125 
0,04363059997558594 
0,025033950805664062 
0,0171661376953125 
0,028133392333984375 
0,02384185791015625 
0,015974044799804688 
0,0324249267578125 
0,030755996704101562 
0,024080276489257812 
0,028371810913085938 
0,02384185791015625 
0,040531158447265625 
0,025033950805664062 
0,027894973754882812 
0,046253204345703125 
0,06389617919921875 
0,030994415283203125 
0,024080276489257812 
0,016927719116210938 
0,02765655517578125 
0,03695487976074219 
0,019550323486328125 
0,024318695068359375 
0,027894973754882812 
0,036716461181640625 
0,030994415283203125 
0,028371810913085938 
0,032901763916015625 
0,034332275390625 
0,046253204345703125 
0,045299530029296875 
0,04696846008300781 
0,095367431640625 
0,03314018249511719 
0,030517578125 
0,029087066650390625 
0,027894973754882812 
0,03218650817871094 
0,025272369384765625 
0,030040740966796875 
0,06413459777832031 
0,08392333984375 
0,027894973754882812 
0,04291534423828125 
0,13685226440429688 
0,033855438232421875 
0,026226043701171875 
0,02574920654296875 
0,030279159545898438 
0,02765655517578125 
0,04267692565917969 
0,022649765014648438 
0,030279159545898438 
0,028133392333984375 
0,023365020751953125 
0,024080276489257812 
0,0362396240234375 
0,027418136596679688 
0,025510787963867188 
0,0324249267578125 
0,03147125244140625 
0,043392181396484375 
0,07033348083496094 
0,023126602172851562 
0,019073486328125 
0,03743171691894531 
0,03147125244140625 
0,06628036499023438 
0,0209808349609375 
0,055789947509765625 
0,034809112548828125 
0,0782012939453125 
0,031948089599609375 
0,05555152893066406 
0,14829635620117188 
0,03838539123535156 
0,030040740966796875 
0,03147125244140625 
0,024080276489257812 
0,03314018249511719 
0,027894973754882812 
0,031948089599609375 
0,02288818359375 
0,029325485229492188 
0,03170967102050781 
0,024557113647460938 
