0,00095367431640625 
0,03981590270996094 
0,04124641418457031 
0,028133392333984375 
0,034809112548828125 
0,029325485229492188 
0,047206878662109375 
0,03147125244140625 
0,030040740966796875 
0,03647804260253906 
0,030517578125 
0,0007152557373046875 
0,034332275390625 
0,04172325134277344 
0,035762786865234375 
0,041484832763671875 
0,03504753112792969 
0,035762786865234375 
0,034332275390625 
0,026702880859375 
0,02765655517578125 
0,028848648071289062 
0,000476837158203125 
0,026464462280273438 
0,02574920654296875 
0,04124641418457031 
0,0457763671875 
0,06914138793945312 
0,03910064697265625 
0,03981590270996094 
0,04982948303222656 
0,03647804260253906 
0,03886222839355469 
0,00095367431640625 
0,035762786865234375 
0,04363059997558594 
0,0362396240234375 
0,03647804260253906 
0,034809112548828125 
0,04863739013671875 
0,05125999450683594 
0,053882598876953125 
0,040531158447265625 
0,03719329833984375 
0,0007152557373046875 
0,031232833862304688 
0,031232833862304688 
0,030279159545898438 
0,0362396240234375 
0,030279159545898438 
0,048160552978515625 
0,029325485229492188 
0,029802322387695312 
0,07271766662597656 
0,03647804260253906 
0,000476837158203125 
0,03504753112792969 
0,027418136596679688 
0,08368492126464844 
0,04100799560546875 
0,05459785461425781 
0,031948089599609375 
0,026941299438476562 
0,027418136596679688 
0,03719329833984375 
0,029087066650390625 
0,000476837158203125 
0,030517578125 
0,059604644775390625 
0,037670135498046875 
0,03600120544433594 
0,04220008850097656 
0,04100799560546875 
0,040531158447265625 
0,03266334533691406 
0,033855438232421875 
0,05054473876953125 
0,000476837158203125 
0,033855438232421875 
0,030517578125 
0,027179718017578125 
0,032901763916015625 
0,026226043701171875 
0,03719329833984375 
0,03266334533691406 
0,03719329833984375 
0,030994415283203125 
0,042438507080078125 
0,000476837158203125 
0,027418136596679688 
0,027894973754882812 
0,034809112548828125 
0,03552436828613281 
0,03695487976074219 
0,0438690185546875 
0,03218650817871094 
0,029802322387695312 
0,03504753112792969 
0,03790855407714844 
0,000476837158203125 
0,035762786865234375 
0,032901763916015625 
0,03647804260253906 
0,03814697265625 
0,03552436828613281 
0,03647804260253906 
0,03457069396972656 
0,0286102294921875 
0,027418136596679688 
0,042438507080078125 
0,0007152557373046875 
0,039577484130859375 
0,037670135498046875 
0,027894973754882812 
0,04673004150390625 
0,03337860107421875 
0,16307830810546875 
0,046253204345703125 
0,05984306335449219 
0,10752677917480469 
0,035762786865234375 
0,0002384185791015625 
0,05125999450683594 
0,11301040649414062 
0,12326240539550781 
0,03266334533691406 
0,08130073547363281 
0,07677078247070312 
0,13399124145507812 
0,04100799560546875 
0,06461143493652344 
0,03886222839355469 
0,000476837158203125 
0,03457069396972656 
0,034809112548828125 
0,0324249267578125 
0,04601478576660156 
0,03504753112792969 
0,03218650817871094 
0,044345855712890625 
0,03218650817871094 
0,03981590270996094 
0,029325485229492188 
0,0007152557373046875 
0,033855438232421875 
0,037670135498046875 
0,036716461181640625 
0,03838539123535156 
0,04267692565917969 
0,033855438232421875 
0,02765655517578125 
0,0324249267578125 
0,04124641418457031 
0,03790855407714844 
0,000476837158203125 
0,03314018249511719 
0,055789947509765625 
0,0438690185546875 
0,043392181396484375 
0,04172325134277344 
0,04100799560546875 
0,04935264587402344 
0,04887580871582031 
0,03314018249511719 
0,03337860107421875 
0,0011920928955078125 
0,06747245788574219 
0,05340576171875 
0,04863739013671875 
0,05817413330078125 
0,051975250244140625 
0,05173683166503906 
0,043392181396484375 
0,052928924560546875 
0,05936622619628906 
0,057697296142578125 
0,0007152557373046875 
0,06794929504394531 
0,0438690185546875 
0,047206878662109375 
0,04100799560546875 
0,04506111145019531 
0,064849853515625 
0,04553794860839844 
0,04100799560546875 
0,030040740966796875 
0,0438690185546875 
0,0007152557373046875 
0,04506111145019531 
0,03838539123535156 
0,043392181396484375 
0,027894973754882812 
0,027179718017578125 
0,05078315734863281 
0,06747245788574219 
0,044345855712890625 
0,05745887756347656 
0,03504753112792969 
0,000476837158203125 
0,027418136596679688 
0,04553794860839844 
0,028133392333984375 
0,06175041198730469 
0,04792213439941406 
0,039577484130859375 
0,043392181396484375 
0,03552436828613281 
0,0400543212890625 
0,06318092346191406 
0,0002384185791015625 
0,0324249267578125 
0,036716461181640625 
0,038623809814453125 
0,039577484130859375 
0,03910064697265625 
0,05054473876953125 
0,102996826171875 
0,06222724914550781 
0,036716461181640625 
0,030040740966796875 
0,0007152557373046875 
0,03528594970703125 
0,04315376281738281 
0,030755996704101562 
0,015974044799804688 
0,03504753112792969 
0,03147125244140625 
0,030279159545898438 
0,028371810913085938 
0,03647804260253906 
0,03218650817871094 
0,000476837158203125 
0,027894973754882812 
0,03504753112792969 
0,034809112548828125 
0,023603439331054688 
0,030994415283203125 
0,03409385681152344 
0,03743171691894531 
0,06890296936035156 
0,035762786865234375 
0,038623809814453125 
0,000476837158203125 
0,03743171691894531 
0,029325485229492188 
0,03838539123535156 
0,03838539123535156 
0,035762786865234375 
0,034332275390625 
0,036716461181640625 
0,12922286987304688 
0,04124641418457031 
0,04673004150390625 
0,0007152557373046875 
0,046253204345703125 
0,05340576171875 
0,04696846008300781 
0,051021575927734375 
0,03981590270996094 
0,04291534423828125 
0,03647804260253906 
0,026464462280273438 
0,034332275390625 
0,04100799560546875 
0,000476837158203125 
0,0362396240234375 
0,041484832763671875 
0,034809112548828125 
0,03647804260253906 
0,05936622619628906 
0,03552436828613281 
0,031948089599609375 
0,03314018249511719 
0,029802322387695312 
0,03552436828613281 
0,0007152557373046875 
0,03552436828613281 
0,03647804260253906 
0,039577484130859375 
0,03218650817871094 
0,02956390380859375 
0,03981590270996094 
0,029087066650390625 
0,02956390380859375 
0,04124641418457031 
0,0400543212890625 
0,000476837158203125 
0,03933906555175781 
0,027418136596679688 
0,03695487976074219 
0,041961669921875 
0,03981590270996094 
0,029802322387695312 
0,026464462280273438 
0,04863739013671875 
0,030994415283203125 
0,049114227294921875 
0,000476837158203125 
0,035762786865234375 
0,026464462280273438 
0,03314018249511719 
0,0286102294921875 
0,03147125244140625 
0,026702880859375 
0,041484832763671875 
0,030040740966796875 
0,030040740966796875 
0,04649162292480469 
0,00095367431640625 
0,1442432403564453 
0,039577484130859375 
0,041961669921875 
0,042438507080078125 
0,03409385681152344 
0,045299530029296875 
0,04172325134277344 
0,0457763671875 
0,04935264587402344 
0,04982948303222656 
0,00095367431640625 
0,0438690185546875 
0,03600120544433594 
0,03719329833984375 
0,044345855712890625 
0,09894371032714844 
0,05078315734863281 
0,07987022399902344 
0,05698204040527344 
0,06771087646484375 
0,05650520324707031 
0,000476837158203125 
0,04315376281738281 
0,04029273986816406 
0,033855438232421875 
0,03504753112792969 
0,03838539123535156 
0,026464462280273438 
0,038623809814453125 
0,03814697265625 
0,026464462280273438 
0,02765655517578125 
0,000476837158203125 
0,03600120544433594 
0,026941299438476562 
0,0286102294921875 
0,03933906555175781 
0,03743171691894531 
0,026941299438476562 
0,028848648071289062 
0,03933906555175781 
0,04076957702636719 
0,03838539123535156 
0,0011920928955078125 
0,04315376281738281 
0,039577484130859375 
0,03886222839355469 
0,041484832763671875 
0,040531158447265625 
0,041961669921875 
0,03886222839355469 
0,04744529724121094 
0,04792213439941406 
0,10037422180175781 
0,0011920928955078125 
0,05078315734863281 
0,0476837158203125 
0,052928924560546875 
0,053882598876953125 
0,05745887756347656 
0,046253204345703125 
0,04887580871582031 
0,05054473876953125 
0,04696846008300781 
0,13375282287597656 
0,0007152557373046875 
0,05030632019042969 
0,04076957702636719 
0,04506111145019531 
0,04172325134277344 
0,039577484130859375 
0,045299530029296875 
0,04100799560546875 
0,051975250244140625 
0,0400543212890625 
0,04076957702636719 
0,0011920928955078125 
0,07295608520507812 
0,08606910705566406 
0,06175041198730469 
0,03147125244140625 
0,06103515625 
0,06270408630371094 
0,16570091247558594 
0,05364418029785156 
0,04935264587402344 
0,06222724914550781 
0,0007152557373046875 
0,06008148193359375 
0,03528594970703125 
0,04792213439941406 
0,059604644775390625 
0,03838539123535156 
0,04410743713378906 
0,050067901611328125 
0,07843971252441406 
0,04982948303222656 
0,08153915405273438 
0,0007152557373046875 
0,05245208740234375 
0,046253204345703125 
0,039577484130859375 
0,04482269287109375 
0,04601478576660156 
0,04410743713378906 
0,12159347534179688 
0,07891654968261719 
0,04458427429199219 
0,1220703125 
0,0007152557373046875 
0,04863739013671875 
0,05626678466796875 
0,04363059997558594 
0,05054473876953125 
0,04935264587402344 
0,03457069396972656 
0,038623809814453125 
0,030994415283203125 
0,02765655517578125 
0,043392181396484375 
0,0007152557373046875 
0,062465667724609375 
0,03838539123535156 
0,049591064453125 
0,02765655517578125 
0,03528594970703125 
0,03457069396972656 
0,027418136596679688 
0,04172325134277344 
0,04100799560546875 
0,06842613220214844 
0,000476837158203125 
0,041961669921875 
0,028371810913085938 
0,05030632019042969 
0,0400543212890625 
0,046253204345703125 
0,03218650817871094 
0,03409385681152344 
0,049591064453125 
0,036716461181640625 
0,04363059997558594 
0,000476837158203125 
0,03528594970703125 
0,05364418029785156 
0,04458427429199219 
0,031948089599609375 
0,04315376281738281 
0,03838539123535156 
0,04315376281738281 
0,03218650817871094 
0,036716461181640625 
0,04363059997558594 
0,000476837158203125 
0,03147125244140625 
0,03838539123535156 
0,027179718017578125 
0,03647804260253906 
0,041961669921875 
0,06532669067382812 
0,041961669921875 
0,058650970458984375 
0,12636184692382812 
0,06008148193359375 
0,00095367431640625 
0,06794929504394531 
0,04291534423828125 
0,04887580871582031 
0,04601478576660156 
0,041484832763671875 
0,034332275390625 
0,04458427429199219 
0,04172325134277344 
0,035762786865234375 
0,09369850158691406 
0,002384185791015625 
0,11134147644042969 
0,04482269287109375 
0,04482269287109375 
0,027179718017578125 
0,038623809814453125 
0,040531158447265625 
0,032901763916015625 
0,0457763671875 
0,04863739013671875 
0,0457763671875 
0,000476837158203125 
0,027179718017578125 
0,03647804260253906 
0,026702880859375 
0,026464462280273438 
0,026702880859375 
0,027179718017578125 
0,04029273986816406 
0,030994415283203125 
0,030517578125 
0,036716461181640625 
0,0011920928955078125 
0,053882598876953125 
0,041484832763671875 
0,03409385681152344 
0,033855438232421875 
0,036716461181640625 
0,036716461181640625 
0,03647804260253906 
0,04172325134277344 
0,054836273193359375 
0,07534027099609375 
0,0007152557373046875 
0,09846687316894531 
0,07700920104980469 
0,09894371032714844 
0,04839897155761719 
0,09417533874511719 
0,03981590270996094 
0,0438690185546875 
0,03337860107421875 
0,026941299438476562 
0,050067901611328125 
0,00095367431640625 
0,09393692016601562 
0,0362396240234375 
0,04887580871582031 
0,036716461181640625 
0,04410743713378906 
0,06556510925292969 
0,050067901611328125 
0,04482269287109375 
0,07915496826171875 
0,04363059997558594 
0,000476837158203125 
0,039577484130859375 
0,04267692565917969 
0,03719329833984375 
0,04291534423828125 
0,06341934204101562 
0,043392181396484375 
0,03981590270996094 
0,0400543212890625 
0,030994415283203125 
0,03361701965332031 
0,000476837158203125 
0,03743171691894531 
0,026226043701171875 
0,03504753112792969 
0,031232833862304688 
0,031948089599609375 
0,03838539123535156 
0,037670135498046875 
0,03790855407714844 
0,036716461181640625 
0,04887580871582031 
0,0007152557373046875 
0,0362396240234375 
0,03337860107421875 
0,03409385681152344 
0,07295608520507812 
0,10275840759277344 
0,033855438232421875 
0,0457763671875 
0,11181831359863281 
0,03600120544433594 
0,03719329833984375 
0,0007152557373046875 
0,03814697265625 
0,0324249267578125 
0,035762786865234375 
0,05316734313964844 
0,04887580871582031 
0,08726119995117188 
0,024080276489257812 
0,026226043701171875 
0,04220008850097656 
0,033855438232421875 
0,000476837158203125 
0,026464462280273438 
0,026702880859375 
0,04100799560546875 
0,05698204040527344 
0,05269050598144531 
0,023603439331054688 
0,036716461181640625 
0,04315376281738281 
0,040531158447265625 
0,0324249267578125 
0,000476837158203125 
0,02574920654296875 
0,022411346435546875 
0,021457672119140625 
0,026702880859375 
0,023365020751953125 
0,028371810913085938 
0,023603439331054688 
0,0286102294921875 
0,0324249267578125 
0,031232833862304688 
0,0007152557373046875 
0,03528594970703125 
0,0247955322265625 
0,02574920654296875 
0,031232833862304688 
0,03790855407714844 
0,025033950805664062 
0,049591064453125 
0,04482269287109375 
0,037670135498046875 
0,1068115234375 
0,000476837158203125 
0,03337860107421875 
0,025272369384765625 
0,021457672119140625 
0,027418136596679688 
0,03218650817871094 
0,026702880859375 
0,04124641418457031 
0,03170967102050781 
0,026464462280273438 
0,029325485229492188 
0,0007152557373046875 
0,023365020751953125 
0,026941299438476562 
0,0286102294921875 
0,03409385681152344 
0,03695487976074219 
0,029802322387695312 
0,030994415283203125 
0,03933906555175781 
0,1556873321533203 
0,05221366882324219 
0,0007152557373046875 
0,022649765014648438 
0,027179718017578125 
0,021457672119140625 
0,030040740966796875 
0,031232833862304688 
0,03695487976074219 
0,029325485229492188 
0,03170967102050781 
0,026941299438476562 
0,04553794860839844 
0,000476837158203125 
0,04363059997558594 
0,025987625122070312 
0,04673004150390625 
0,049114227294921875 
0,03719329833984375 
0,030755996704101562 
0,1506805419921875 
0,08893013000488281 
0,03218650817871094 
0,1583099365234375 
0,000476837158203125 
0,04792213439941406 
0,038623809814453125 
0,04267692565917969 
0,04220008850097656 
0,0457763671875 
0,12326240539550781 
0,028133392333984375 
0,06127357482910156 
0,15926361083984375 
0,10085105895996094 
0,001430511474609375 
0,10466575622558594 
0,04076957702636719 
0,05650520324707031 
0,04601478576660156 
0,05030632019042969 
0,041961669921875 
0,04100799560546875 
0,041961669921875 
0,03504753112792969 
0,10085105895996094 
0,0007152557373046875 
0,0591278076171875 
0,04553794860839844 
0,03170967102050781 
0,03361701965332031 
0,037670135498046875 
0,04410743713378906 
0,07128715515136719 
0,04172325134277344 
0,029325485229492188 
0,02956390380859375 
0,0011920928955078125 
0,06794929504394531 
0,041484832763671875 
0,026941299438476562 
0,040531158447265625 
0,03147125244140625 
0,031948089599609375 
0,03409385681152344 
0,06699562072753906 
0,03314018249511719 
0,05078315734863281 
0,001430511474609375 
0,03218650817871094 
0,034809112548828125 
0,031232833862304688 
0,0400543212890625 
0,02765655517578125 
0,0362396240234375 
0,03337860107421875 
0,03361701965332031 
0,031232833862304688 
0,0438690185546875 
0,0007152557373046875 
0,04863739013671875 
0,04553794860839844 
0,04267692565917969 
0,04792213439941406 
0,04887580871582031 
0,047206878662109375 
0,1380443572998047 
0,05078315734863281 
0,03838539123535156 
0,0400543212890625 
0,0016689300537109375 
0,051975250244140625 
0,041961669921875 
0,07152557373046875 
0,03647804260253906 
0,026464462280273438 
0,03981590270996094 
0,03504753112792969 
0,027179718017578125 
0,032901763916015625 
0,04601478576660156 
0,000476837158203125 
0,03409385681152344 
0,03886222839355469 
0,030279159545898438 
0,04267692565917969 
0,03147125244140625 
0,08082389831542969 
0,030517578125 
0,04029273986816406 
0,03170967102050781 
0,035762786865234375 
0,00095367431640625 
0,04029273986816406 
0,035762786865234375 
0,08249282836914062 
0,044345855712890625 
0,03170967102050781 
0,03552436828613281 
0,03457069396972656 
0,03790855407714844 
0,04076957702636719 
0,03838539123535156 
0,001430511474609375 
0,0514984130859375 
0,03910064697265625 
0,04744529724121094 
0,044345855712890625 
0,06318092346191406 
0,04982948303222656 
0,05364418029785156 
0,060558319091796875 
0,05030632019042969 
0,059604644775390625 
0,0007152557373046875 
0,05435943603515625 
0,04410743713378906 
0,03504753112792969 
0,036716461181640625 
0,03147125244140625 
0,03552436828613281 
0,12540817260742188 
0,11134147644042969 
0,03838539123535156 
0,041961669921875 
0,00095367431640625 
0,091552734375 
0,040531158447265625 
0,035762786865234375 
0,09274482727050781 
0,03910064697265625 
0,041961669921875 
0,03600120544433594 
0,045299530029296875 
0,07891654968261719 
0,032901763916015625 
0,000476837158203125 
0,0362396240234375 
0,03981590270996094 
0,09417533874511719 
0,12183189392089844 
0,06270408630371094 
0,0362396240234375 
0,045299530029296875 
0,04601478576660156 
0,04649162292480469 
0,042438507080078125 
0,0011920928955078125 
0,07271766662597656 
0,08082389831542969 
0,027894973754882812 
0,02765655517578125 
0,0743865966796875 
0,26416778564453125 
0,14209747314453125 
0,040531158447265625 
0,054836273193359375 
0,09179115295410156 
0,0007152557373046875 
0,04100799560546875 
0,0457763671875 
0,04839897155761719 
0,034332275390625 
0,03600120544433594 
0,04291534423828125 
0,062465667724609375 
0,06031990051269531 
0,4208087921142578 
0,03647804260253906 
0,0011920928955078125 
0,07271766662597656 
0,07724761962890625 
0,0362396240234375 
0,07605552673339844 
0,03814697265625 
0,09226799011230469 
0,04863739013671875 
0,04553794860839844 
0,08058547973632812 
0,05245208740234375 
0,00095367431640625 
0,05054473876953125 
0,037670135498046875 
0,04482269287109375 
0,06890296936035156 
0,07987022399902344 
0,03719329833984375 
0,06580352783203125 
0,2586841583251953 
0,027894973754882812 
0,06985664367675781 
0,0011920928955078125 
0,10371208190917969 
0,0286102294921875 
0,09417533874511719 
0,05221366882324219 
0,05364418029785156 
0,041961669921875 
0,03314018249511719 
0,043392181396484375 
6,592988967895508 
0,25343894958496094 
0,00095367431640625 
0,04649162292480469 
0,051021575927734375 
0,050067901611328125 
0,056743621826171875 
0,0514984130859375 
0,05078315734863281 
0,03361701965332031 
0,04076957702636719 
0,07987022399902344 
0,07724761962890625 
0,00095367431640625 
0,06031990051269531 
0,043392181396484375 
0,06842613220214844 
0,05650520324707031 
0,04267692565917969 
0,03504753112792969 
0,06508827209472656 
0,06437301635742188 
0,04172325134277344 
0,09846687316894531 
0,000476837158203125 
0,04673004150390625 
0,17952919006347656 
0,04076957702636719 
0,041961669921875 
0,04267692565917969 
0,030994415283203125 
0,042438507080078125 
0,03838539123535156 
0,04863739013671875 
0,10943412780761719 
0,00095367431640625 
0,040531158447265625 
0,080108642578125 
0,051021575927734375 
0,06318092346191406 
0,04792213439941406 
0,07271766662597656 
0,04029273986816406 
0,03838539123535156 
0,06318092346191406 
0,15497207641601562 
0,00095367431640625 
0,04482269287109375 
0,052928924560546875 
0,0362396240234375 
0,03409385681152344 
0,07963180541992188 
0,03147125244140625 
0,04863739013671875 
0,04887580871582031 
0,041961669921875 
0,06079673767089844 
0,0011920928955078125 
0,043392181396484375 
0,04839897155761719 
0,05125999450683594 
0,05054473876953125 
0,04863739013671875 
0,06365776062011719 
0,04792213439941406 
0,03552436828613281 
0,0476837158203125 
0,046253204345703125 
0,00095367431640625 
0,030040740966796875 
0,042438507080078125 
0,04172325134277344 
0,0362396240234375 
0,040531158447265625 
0,10442733764648438 
0,04553794860839844 
0,0476837158203125 
0,0591278076171875 
0,057697296142578125 
0,0011920928955078125 
0,046253204345703125 
0,04839897155761719 
0,03600120544433594 
0,03981590270996094 
0,03457069396972656 
0,05054473876953125 
0,04696846008300781 
0,06031990051269531 
0,03647804260253906 
0,036716461181640625 
0,0011920928955078125 
0,05078315734863281 
0,038623809814453125 
0,026702880859375 
0,4646778106689453 
0,04029273986816406 
0,10180473327636719 
0,026941299438476562 
0,03266334533691406 
0,03600120544433594 
0,037670135498046875 
0,0002384185791015625 
0,026226043701171875 
0,03910064697265625 
0,0457763671875 
0,027179718017578125 
0,07104873657226562 
0,04935264587402344 
0,03695487976074219 
0,05269050598144531 
0,051975250244140625 
0,03814697265625 
0,0007152557373046875 
0,035762786865234375 
0,05316734313964844 
0,03743171691894531 
0,044345855712890625 
0,03743171691894531 
0,03981590270996094 
0,04029273986816406 
0,0782012939453125 
0,06413459777832031 
0,03933906555175781 
0,000476837158203125 
0,026226043701171875 
0,03886222839355469 
0,028371810913085938 
0,037670135498046875 
0,030279159545898438 
0,06103515625 
0,027418136596679688 
0,027894973754882812 
0,02765655517578125 
0,038623809814453125 
0,0002384185791015625 
0,027418136596679688 
0,026702880859375 
0,0286102294921875 
0,03886222839355469 
0,04363059997558594 
0,02956390380859375 
0,0400543212890625 
0,03170967102050781 
0,0362396240234375 
0,03409385681152344 
0,000476837158203125 
0,031948089599609375 
0,030755996704101562 
0,03147125244140625 
0,03170967102050781 
0,039577484130859375 
0,03600120544433594 
0,042438507080078125 
0,0362396240234375 
0,03814697265625 
0,03838539123535156 
0,00095367431640625 
0,04315376281738281 
0,05888938903808594 
0,03600120544433594 
0,03910064697265625 
0,039577484130859375 
0,06866455078125 
0,04267692565917969 
0,04220008850097656 
0,09751319885253906 
0,16260147094726562 
0,0007152557373046875 
0,03814697265625 
0,03457069396972656 
0,039577484130859375 
0,037670135498046875 
0,04863739013671875 
0,04076957702636719 
0,04696846008300781 
0,04267692565917969 
0,04482269287109375 
0,08296966552734375 
0,0021457672119140625 
0,11157989501953125 
0,034809112548828125 
0,05054473876953125 
0,03528594970703125 
0,048160552978515625 
0,04935264587402344 
0,046253204345703125 
0,04744529724121094 
0,04267692565917969 
0,0438690185546875 
0,0007152557373046875 
0,045299530029296875 
0,034332275390625 
0,05125999450683594 
0,05435943603515625 
0,04792213439941406 
0,05030632019042969 
0,03814697265625 
0,05793571472167969 
0,05364418029785156 
0,05173683166503906 
0,0007152557373046875 
0,0286102294921875 
0,03314018249511719 
0,04863739013671875 
0,04410743713378906 
0,04220008850097656 
0,1633167266845703 
0,04553794860839844 
0,08845329284667969 
0,04363059997558594 
0,040531158447265625 
0,00095367431640625 
0,042438507080078125 
0,09894371032714844 
0,034809112548828125 
0,04792213439941406 
0,035762786865234375 
0,04649162292480469 
0,07128715515136719 
0,05555152893066406 
0,03600120544433594 
0,04696846008300781 
0,000476837158203125 
0,03170967102050781 
0,04601478576660156 
0,04029273986816406 
0,026941299438476562 
0,026464462280273438 
0,03266334533691406 
0,03147125244140625 
0,034332275390625 
0,03528594970703125 
0,07462501525878906 
0,000476837158203125 
0,031948089599609375 
0,031232833862304688 
0,029802322387695312 
0,03933906555175781 
0,034332275390625 
0,025033950805664062 
0,027179718017578125 
0,026464462280273438 
0,030755996704101562 
0,05435943603515625 
0,000476837158203125 
0,030279159545898438 
0,036716461181640625 
0,035762786865234375 
0,025987625122070312 
0,03552436828613281 
0,026226043701171875 
0,027418136596679688 
0,026941299438476562 
0,027179718017578125 
0,03600120544433594 
0,0007152557373046875 
0,03552436828613281 
0,043392181396484375 
0,046253204345703125 
0,03218650817871094 
0,032901763916015625 
0,045299530029296875 
0,05507469177246094 
0,04172325134277344 
0,0514984130859375 
0,11801719665527344 
0,0007152557373046875 
0,0934600830078125 
0,0457763671875 
0,0362396240234375 
0,041484832763671875 
0,06079673767089844 
0,03457069396972656 
0,025510787963867188 
0,03147125244140625 
0,026226043701171875 
0,03910064697265625 
0,000476837158203125 
0,026464462280273438 
0,06222724914550781 
0,10919570922851562 
0,09751319885253906 
0,11563301086425781 
0,04506111145019531 
0,047206878662109375 
0,05435943603515625 
0,051021575927734375 
0,055789947509765625 
0,0011920928955078125 
0,04649162292480469 
0,032901763916015625 
0,04601478576660156 
0,041961669921875 
0,04267692565917969 
0,04553794860839844 
0,0362396240234375 
0,04601478576660156 
0,06461143493652344 
0,10848045349121094 
0,001430511474609375 
0,08869171142578125 
0,06341934204101562 
0,07390975952148438 
0,2639293670654297 
0,18739700317382812 
0,049591064453125 
0,0362396240234375 
0,03695487976074219 
0,028848648071289062 
0,046253204345703125 
0,0007152557373046875 
0,04100799560546875 
0,04601478576660156 
0,0591278076171875 
0,15020370483398438 
0,040531158447265625 
0,03743171691894531 
0,03314018249511719 
0,03600120544433594 
0,031948089599609375 
0,03886222839355469 
0,000476837158203125 
0,03695487976074219 
0,08130073547363281 
0,0400543212890625 
0,03981590270996094 
0,029802322387695312 
0,0324249267578125 
0,03147125244140625 
0,0286102294921875 
0,032901763916015625 
0,034809112548828125 
0,000476837158203125 
0,03337860107421875 
0,03361701965332031 
0,0400543212890625 
0,041484832763671875 
0,030517578125 
0,04410743713378906 
0,1811981201171875 
0,05936622619628906 
0,03981590270996094 
0,042438507080078125 
0,00095367431640625 
0,06794929504394531 
0,058650970458984375 
0,030755996704101562 
0,05364418029785156 
0,03147125244140625 
0,04410743713378906 
0,04553794860839844 
0,04291534423828125 
0,062465667724609375 
0,06389617919921875 
0,0011920928955078125 
0,057697296142578125 
0,05650520324707031 
0,18358230590820312 
0,095367431640625 
0,08797645568847656 
0,09775161743164062 
0,03504753112792969 
0,04315376281738281 
0,07581710815429688 
0,041961669921875 
0,00095367431640625 
0,043392181396484375 
0,10061264038085938 
0,04649162292480469 
0,08177757263183594 
0,03933906555175781 
0,026941299438476562 
0,027179718017578125 
0,030040740966796875 
0,04482269287109375 
0,028848648071289062 
0,00095367431640625 
0,03457069396972656 
0,03457069396972656 
0,035762786865234375 
0,03147125244140625 
0,04100799560546875 
0,03695487976074219 
0,03695487976074219 
0,04029273986816406 
0,04291534423828125 
0,057220458984375 
0,0007152557373046875 
0,06961822509765625 
0,04076957702636719 
0,04220008850097656 
0,05841255187988281 
0,05888938903808594 
0,040531158447265625 
0,04553794860839844 
0,0667572021484375 
0,03790855407714844 
0,04458427429199219 
0,0007152557373046875 
0,041961669921875 
0,030994415283203125 
0,032901763916015625 
0,03409385681152344 
0,03266334533691406 
0,03743171691894531 
0,05984306335449219 
0,03504753112792969 
0,034809112548828125 
0,029802322387695312 
0,0007152557373046875 
0,032901763916015625 
0,032901763916015625 
0,10895729064941406 
0,03695487976074219 
0,0286102294921875 
0,03933906555175781 
0,034332275390625 
0,0400543212890625 
0,027179718017578125 
0,03981590270996094 
0,000476837158203125 
0,03647804260253906 
0,0362396240234375 
0,06365776062011719 
0,06985664367675781 
0,036716461181640625 
0,0858306884765625 
0,0438690185546875 
0,05340576171875 
0,041484832763671875 
0,05030632019042969 
0,0011920928955078125 
0,03790855407714844 
0,04458427429199219 
0,057697296142578125 
0,04315376281738281 
0,09655952453613281 
0,027179718017578125 
0,027894973754882812 
0,03600120544433594 
0,03814697265625 
0,050067901611328125 
0,0007152557373046875 
0,0400543212890625 
0,03910064697265625 
0,04696846008300781 
0,034809112548828125 
0,03695487976074219 
0,08606910705566406 
0,043392181396484375 
0,05841255187988281 
0,033855438232421875 
0,0362396240234375 
0,0007152557373046875 
0,04315376281738281 
0,06103515625 
0,038623809814453125 
0,04124641418457031 
0,03361701965332031 
0,03361701965332031 
0,03933906555175781 
0,04076957702636719 
0,04506111145019531 
0,06270408630371094 
0,0007152557373046875 
0,04124641418457031 
0,04863739013671875 
0,041961669921875 
0,04458427429199219 
0,026464462280273438 
0,04458427429199219 
0,10442733764648438 
0,07700920104980469 
0,06079673767089844 
0,0476837158203125 
0,0007152557373046875 
0,054836273193359375 
0,07915496826171875 
0,09322166442871094 
0,0438690185546875 
0,053882598876953125 
0,03886222839355469 
0,05078315734863281 
0,041484832763671875 
0,04673004150390625 
0,05221366882324219 
0,0019073486328125 
0,09131431579589844 
0,08034706115722656 
0,035762786865234375 
0,04100799560546875 
0,047206878662109375 
0,027894973754882812 
0,029325485229492188 
0,034332275390625 
0,03743171691894531 
0,030279159545898438 
0,0007152557373046875 
0,03314018249511719 
0,03266334533691406 
0,027179718017578125 
0,02574920654296875 
0,03933906555175781 
0,0362396240234375 
0,034809112548828125 
0,03409385681152344 
0,039577484130859375 
0,035762786865234375 
0,0007152557373046875 
0,03409385681152344 
0,0286102294921875 
0,031232833862304688 
0,03361701965332031 
0,030040740966796875 
0,05793571472167969 
0,0476837158203125 
0,08153915405273438 
0,03838539123535156 
0,03337860107421875 
0,0007152557373046875 
0,029802322387695312 
0,02765655517578125 
0,03528594970703125 
0,025987625122070312 
0,026226043701171875 
0,02765655517578125 
0,041961669921875 
0,029325485229492188 
0,025510787963867188 
0,030994415283203125 
0,000476837158203125 
0,03838539123535156 
0,025033950805664062 
0,03147125244140625 
0,029802322387695312 
0,031948089599609375 
0,033855438232421875 
0,035762786865234375 
0,039577484130859375 
0,04100799560546875 
0,0553131103515625 
0,0007152557373046875 
0,03528594970703125 
0,037670135498046875 
0,03814697265625 
0,043392181396484375 
0,1285076141357422 
0,0514984130859375 
0,056743621826171875 
0,03600120544433594 
0,04887580871582031 
0,03886222839355469 
0,0007152557373046875 
0,04029273986816406 
0,0476837158203125 
0,04792213439941406 
0,03790855407714844 
0,03933906555175781 
0,03910064697265625 
0,03981590270996094 
0,04267692565917969 
0,045299530029296875 
0,046253204345703125 
0,00095367431640625 
0,04792213439941406 
0,037670135498046875 
0,04673004150390625 
0,04291534423828125 
0,026464462280273438 
0,042438507080078125 
0,03266334533691406 
0,03409385681152344 
0,034809112548828125 
0,03552436828613281 
0,000476837158203125 
0,027179718017578125 
0,037670135498046875 
0,0591278076171875 
0,04744529724121094 
0,06341934204101562 
0,06031990051269531 
0,10418891906738281 
0,05078315734863281 
0,04172325134277344 
0,038623809814453125 
0,0011920928955078125 
0,03600120544433594 
0,03886222839355469 
0,03457069396972656 
0,042438507080078125 
0,04029273986816406 
0,049591064453125 
0,08392333984375 
0,03981590270996094 
0,10633468627929688 
0,02193450927734375 
0,00095367431640625 
0,030040740966796875 
0,017404556274414062 
0,03600120544433594 
0,026226043701171875 
0,030755996704101562 
0,03266334533691406 
0,03695487976074219 
0,042438507080078125 
0,031232833862304688 
0,037670135498046875 
0,00095367431640625 
0,042438507080078125 
0,03218650817871094 
0,02193450927734375 
0,030755996704101562 
0,04029273986816406 
0,030994415283203125 
0,028133392333984375 
0,02574920654296875 
0,02193450927734375 
0,035762786865234375 
0,001430511474609375 
0,06604194641113281 
0,02002716064453125 
0,06222724914550781 
0,029325485229492188 
0,041961669921875 
0,03409385681152344 
0,12350082397460938 
0,027418136596679688 
0,11968612670898438 
0,038623809814453125 
0,00095367431640625 
0,03504753112792969 
0,05316734313964844 
0,038623809814453125 
0,06389617919921875 
0,034809112548828125 
0,04124641418457031 
0,04076957702636719 
0,030755996704101562 
0,03814697265625 
0,03266334533691406 
0,0007152557373046875 
0,030517578125 
0,03647804260253906 
0,031232833862304688 
0,050067901611328125 
0,03147125244140625 
0,030517578125 
0,035762786865234375 
0,05507469177246094 
0,0476837158203125 
0,03361701965332031 
0,0007152557373046875 
0,0457763671875 
0,0438690185546875 
0,04029273986816406 
0,047206878662109375 
0,09179115295410156 
0,08392333984375 
0,2262592315673828 
0,041961669921875 
0,04315376281738281 
0,18525123596191406 
0,000476837158203125 
0,03933906555175781 
0,034809112548828125 
0,08344650268554688 
0,03719329833984375 
0,03790855407714844 
0,03743171691894531 
0,03981590270996094 
0,037670135498046875 
0,03647804260253906 
0,0400543212890625 
0,0007152557373046875 
0,04482269287109375 
0,033855438232421875 
0,033855438232421875 
0,06580352783203125 
0,0286102294921875 
0,05412101745605469 
0,03337860107421875 
0,041961669921875 
0,032901763916015625 
0,0324249267578125 
0,0016689300537109375 
0,08416175842285156 
0,06365776062011719 
0,05269050598144531 
0,03695487976074219 
0,04863739013671875 
0,07343292236328125 
0,039577484130859375 
0,05602836608886719 
0,04506111145019531 
0,06604194641113281 
0,0007152557373046875 
0,04506111145019531 
0,05412101745605469 
0,087738037109375 
0,03361701965332031 
0,025510787963867188 
0,03170967102050781 
0,026702880859375 
0,026702880859375 
0,025510787963867188 
0,03314018249511719 
0,0011920928955078125 
0,03838539123535156 
0,043392181396484375 
0,030279159545898438 
0,03838539123535156 
0,05173683166503906 
0,031948089599609375 
0,04887580871582031 
0,03790855407714844 
0,03814697265625 
0,04887580871582031 
0,00095367431640625 
0,03266334533691406 
0,027894973754882812 
0,030279159545898438 
0,029802322387695312 
0,030755996704101562 
0,031232833862304688 
0,04315376281738281 
0,039577484130859375 
0,03457069396972656 
0,028371810913085938 
0,000476837158203125 
0,025272369384765625 
0,03457069396972656 
0,03337860107421875 
0,02956390380859375 
0,03409385681152344 
0,025510787963867188 
0,026941299438476562 
0,03504753112792969 
0,03981590270996094 
0,029087066650390625 
0,0002384185791015625 
0,02765655517578125 
0,03552436828613281 
0,030994415283203125 
0,04124641418457031 
0,05364418029785156 
0,0362396240234375 
0,0362396240234375 
0,03170967102050781 
0,03647804260253906 
0,0286102294921875 
0,000476837158203125 
0,030517578125 
0,03528594970703125 
0,02956390380859375 
0,02956390380859375 
0,030755996704101562 
0,04267692565917969 
0,04363059997558594 
0,03314018249511719 
0,03743171691894531 
0,04291534423828125 
0,0007152557373046875 
0,0438690185546875 
0,041484832763671875 
0,029325485229492188 
0,030517578125 
0,029802322387695312 
0,030517578125 
0,0514984130859375 
0,030755996704101562 
0,027418136596679688 
0,05054473876953125 
0,0007152557373046875 
0,035762786865234375 
0,02574920654296875 
0,025987625122070312 
0,02765655517578125 
0,030994415283203125 
0,04887580871582031 
0,04410743713378906 
0,039577484130859375 
0,030994415283203125 
0,04887580871582031 
0,0011920928955078125 
0,07653236389160156 
0,03337860107421875 
0,03314018249511719 
0,05626678466796875 
0,03814697265625 
0,04482269287109375 
0,03910064697265625 
0,049591064453125 
0,04601478576660156 
0,04124641418457031 
0,000476837158203125 
0,04458427429199219 
0,0400543212890625 
0,03814697265625 
0,027418136596679688 
0,033855438232421875 
0,03147125244140625 
0,02956390380859375 
0,0457763671875 
0,06341934204101562 
0,030755996704101562 
0,000476837158203125 
0,029802322387695312 
0,04076957702636719 
0,028848648071289062 
0,034809112548828125 
0,058650970458984375 
0,041484832763671875 
0,16236305236816406 
0,0400543212890625 
0,027894973754882812 
0,042438507080078125 
0,0011920928955078125 
0,0591278076171875 
0,028371810913085938 
0,03170967102050781 
0,03647804260253906 
0,03218650817871094 
0,030994415283203125 
0,031232833862304688 
0,03337860107421875 
0,028133392333984375 
0,034332275390625 
0,000476837158203125 
0,026702880859375 
0,03218650817871094 
0,032901763916015625 
0,02574920654296875 
0,041484832763671875 
0,04601478576660156 
0,0457763671875 
0,030994415283203125 
0,05626678466796875 
0,03743171691894531 
0,00095367431640625 
0,05507469177246094 
0,049591064453125 
0,10228157043457031 
0,12183189392089844 
0,04076957702636719 
0,04291534423828125 
0,04076957702636719 
0,09059906005859375 
0,04696846008300781 
0,04220008850097656 
0,000476837158203125 
0,04410743713378906 
0,09298324584960938 
0,04267692565917969 
0,0629425048828125 
0,03981590270996094 
0,030040740966796875 
0,029802322387695312 
0,0286102294921875 
0,030517578125 
0,037670135498046875 
0,000476837158203125 
0,02956390380859375 
0,03719329833984375 
0,02765655517578125 
0,026226043701171875 
0,025272369384765625 
0,03218650817871094 
0,025987625122070312 
0,026226043701171875 
0,03266334533691406 
0,031232833862304688 
0,000476837158203125 
0,026464462280273438 
0,026226043701171875 
0,027418136596679688 
0,026464462280273438 
0,033855438232421875 
0,031232833862304688 
0,03409385681152344 
0,030279159545898438 
0,0286102294921875 
0,028371810913085938 
0,000476837158203125 
0,04172325134277344 
0,035762786865234375 
0,03552436828613281 
0,044345855712890625 
0,040531158447265625 
0,03695487976074219 
0,047206878662109375 
0,03933906555175781 
0,03218650817871094 
0,033855438232421875 
0,0019073486328125 
0,04220008850097656 
0,0362396240234375 
0,04124641418457031 
0,04982948303222656 
0,034809112548828125 
0,04220008850097656 
0,03409385681152344 
0,036716461181640625 
0,051021575927734375 
0,05364418029785156 
0,000476837158203125 
0,042438507080078125 
0,04935264587402344 
0,03743171691894531 
0,03218650817871094 
0,036716461181640625 
0,025987625122070312 
0,028133392333984375 
0,026464462280273438 
0,029087066650390625 
0,033855438232421875 
0,000476837158203125 
0,034332275390625 
0,030517578125 
0,026464462280273438 
0,025033950805664062 
0,025272369384765625 
0,05078315734863281 
0,0286102294921875 
0,037670135498046875 
0,034332275390625 
0,03504753112792969 
0,000476837158203125 
0,036716461181640625 
0,031948089599609375 
0,0324249267578125 
0,027179718017578125 
0,03528594970703125 
0,025510787963867188 
0,03457069396972656 
0,04863739013671875 
0,032901763916015625 
0,030755996704101562 
0,00095367431640625 
0,030994415283203125 
0,026464462280273438 
0,02574920654296875 
0,07653236389160156 
0,026464462280273438 
0,030040740966796875 
0,030279159545898438 
0,08726119995117188 
0,03838539123535156 
0,0324249267578125 
0,0007152557373046875 
0,025272369384765625 
0,025272369384765625 
0,0782012939453125 
0,0247955322265625 
0,022411346435546875 
0,017881393432617188 
0,031232833862304688 
0,03147125244140625 
0,025987625122070312 
0,022172927856445312 
0,000476837158203125 
0,021219253540039062 
0,030279159545898438 
0,026941299438476562 
0,026226043701171875 
0,026941299438476562 
0,025987625122070312 
0,023603439331054688 
0,029802322387695312 
0,023603439331054688 
0,026941299438476562 
0,00095367431640625 
0,032901763916015625 
0,026702880859375 
0,017404556274414062 
0,017404556274414062 
0,020503997802734375 
0,02002716064453125 
0,024080276489257812 
0,024318695068359375 
0,025272369384765625 
0,024080276489257812 
0,0007152557373046875 
0,026464462280273438 
0,03170967102050781 
0,035762786865234375 
0,030517578125 
0,0171661376953125 
0,0171661376953125 
0,024557113647460938 
0,039577484130859375 
0,02765655517578125 
0,027894973754882812 
0,00095367431640625 
0,025033950805664062 
0,0247955322265625 
0,023365020751953125 
0,02002716064453125 
0,030755996704101562 
0,034332275390625 
0,02574920654296875 
0,030279159545898438 
0,19359588623046875 
0,04506111145019531 
0,0007152557373046875 
0,05125999450683594 
0,03814697265625 
0,06008148193359375 
0,041961669921875 
0,05078315734863281 
0,051975250244140625 
0,09846687316894531 
0,04482269287109375 
0,036716461181640625 
0,04076957702636719 
0,00095367431640625 
0,052928924560546875 
0,08988380432128906 
0,039577484130859375 
0,030755996704101562 
0,0438690185546875 
0,04458427429199219 
0,04291534423828125 
0,03719329833984375 
0,03457069396972656 
0,04029273986816406 
0,000476837158203125 
0,041961669921875 
0,047206878662109375 
0,03743171691894531 
0,03910064697265625 
0,03504753112792969 
0,03314018249511719 
0,036716461181640625 
0,1392364501953125 
0,04601478576660156 
0,0400543212890625 
0,00095367431640625 
0,03528594970703125 
0,04315376281738281 
0,038623809814453125 
0,047206878662109375 
0,04363059997558594 
0,04792213439941406 
0,04172325134277344 
0,03981590270996094 
0,038623809814453125 
0,072479248046875 
0,0011920928955078125 
0,04601478576660156 
0,04553794860839844 
0,031232833862304688 
0,0324249267578125 
0,06222724914550781 
0,03409385681152344 
0,03695487976074219 
0,0362396240234375 
0,026941299438476562 
0,03409385681152344 
0,0007152557373046875 
0,03933906555175781 
0,031948089599609375 
0,04863739013671875 
0,05078315734863281 
0,03886222839355469 
0,030994415283203125 
0,03147125244140625 
0,04124641418457031 
0,03910064697265625 
0,033855438232421875 
0,0007152557373046875 
0,03647804260253906 
0,03552436828613281 
0,1571178436279297 
0,04982948303222656 
0,051975250244140625 
0,0457763671875 
0,14781951904296875 
0,03933906555175781 
0,049114227294921875 
0,0457763671875 
0,0007152557373046875 
0,03790855407714844 
0,03695487976074219 
0,04458427429199219 
0,06771087646484375 
0,03528594970703125 
0,03147125244140625 
0,03361701965332031 
0,08034706115722656 
0,04172325134277344 
0,0438690185546875 
0,000476837158203125 
0,03409385681152344 
0,03528594970703125 
0,03409385681152344 
0,029087066650390625 
0,019788742065429688 
0,04220008850097656 
0,03719329833984375 
0,032901763916015625 
0,03719329833984375 
0,037670135498046875 
0,000476837158203125 
0,041961669921875 
0,03504753112792969 
0,0324249267578125 
0,03504753112792969 
0,025510787963867188 
0,034809112548828125 
0,032901763916015625 
0,04124641418457031 
0,038623809814453125 
0,04267692565917969 
0,001430511474609375 
0,049114227294921875 
0,03814697265625 
0,03814697265625 
0,033855438232421875 
0,03409385681152344 
0,03457069396972656 
0,030994415283203125 
0,026702880859375 
0,030040740966796875 
0,0457763671875 
0,00095367431640625 
0,05555152893066406 
0,03933906555175781 
0,03266334533691406 
0,034809112548828125 
0,026464462280273438 
0,03647804260253906 
0,02956390380859375 
0,025033950805664062 
0,025510787963867188 
0,034809112548828125 
0,000476837158203125 
0,027179718017578125 
0,027179718017578125 
0,03743171691894531 
0,025987625122070312 
0,038623809814453125 
0,0457763671875 
0,04696846008300781 
0,026464462280273438 
0,030040740966796875 
0,04076957702636719 
0,000476837158203125 
0,0324249267578125 
0,03743171691894531 
0,034809112548828125 
0,03552436828613281 
0,038623809814453125 
0,04029273986816406 
0,043392181396484375 
0,030755996704101562 
0,05269050598144531 
0,04982948303222656 
0,000476837158203125 
0,042438507080078125 
0,044345855712890625 
0,0362396240234375 
0,04649162292480469 
0,11754035949707031 
0,026464462280273438 
0,027179718017578125 
0,02765655517578125 
0,035762786865234375 
0,028848648071289062 
0,000476837158203125 
0,04839897155761719 
0,03457069396972656 
0,04553794860839844 
0,046253204345703125 
0,03647804260253906 
0,030517578125 
0,03695487976074219 
0,030040740966796875 
0,034332275390625 
0,032901763916015625 
0,0007152557373046875 
0,034809112548828125 
0,025987625122070312 
0,03504753112792969 
0,03457069396972656 
0,03719329833984375 
0,037670135498046875 
0,03814697265625 
0,026464462280273438 
0,030279159545898438 
0,043392181396484375 
0,000476837158203125 
0,030279159545898438 
0,030279159545898438 
0,0286102294921875 
0,030040740966796875 
0,03170967102050781 
0,034809112548828125 
0,02765655517578125 
0,02765655517578125 
0,039577484130859375 
0,03170967102050781 
0,0007152557373046875 
0,02765655517578125 
0,03528594970703125 
0,04076957702636719 
0,04839897155761719 
0,21004676818847656 
0,031232833862304688 
0,03552436828613281 
0,03218650817871094 
0,027418136596679688 
0,02956390380859375 
0,000476837158203125 
0,026702880859375 
0,03910064697265625 
0,03409385681152344 
0,030040740966796875 
0,0400543212890625 
0,0362396240234375 
0,054836273193359375 
0,041961669921875 
0,03218650817871094 
0,03314018249511719 
0,000476837158203125 
0,030517578125 
0,04458427429199219 
0,04291534423828125 
0,042438507080078125 
0,05054473876953125 
0,03743171691894531 
0,040531158447265625 
0,06079673767089844 
0,0476837158203125 
0,04220008850097656 
0,00095367431640625 
0,07677078247070312 
0,055789947509765625 
0,03910064697265625 
0,03790855407714844 
0,0438690185546875 
0,03457069396972656 
0,08893013000488281 
0,036716461181640625 
0,04696846008300781 
0,04696846008300781 
0,000476837158203125 
0,029802322387695312 
0,028371810913085938 
0,03647804260253906 
0,027179718017578125 
0,04601478576660156 
0,07987022399902344 
0,03409385681152344 
0,02384185791015625 
0,026464462280273438 
0,029087066650390625 
0,0011920928955078125 
0,04458427429199219 
0,034332275390625 
0,03647804260253906 
0,03409385681152344 
0,032901763916015625 
0,0457763671875 
0,03933906555175781 
0,03814697265625 
0,030517578125 
0,03147125244140625 
0,0007152557373046875 
0,030279159545898438 
0,034332275390625 
0,03719329833984375 
0,029325485229492188 
0,030279159545898438 
0,03695487976074219 
0,030517578125 
0,035762786865234375 
0,03910064697265625 
0,028371810913085938 
0,0007152557373046875 
0,034332275390625 
0,026226043701171875 
0,03147125244140625 
0,030279159545898438 
0,031232833862304688 
0,039577484130859375 
0,04076957702636719 
0,045299530029296875 
0,042438507080078125 
0,04220008850097656 
0,000476837158203125 
0,04363059997558594 
0,05364418029785156 
0,04935264587402344 
0,03933906555175781 
0,030994415283203125 
0,030040740966796875 
0,030994415283203125 
0,04482269287109375 
0,031948089599609375 
0,0400543212890625 
0,000476837158203125 
0,02765655517578125 
0,03814697265625 
0,026702880859375 
0,04839897155761719 
0,037670135498046875 
0,04220008850097656 
0,030755996704101562 
0,03552436828613281 
0,032901763916015625 
0,03933906555175781 
0,001430511474609375 
0,04863739013671875 
0,03600120544433594 
0,035762786865234375 
0,036716461181640625 
0,0362396240234375 
0,031232833862304688 
0,038623809814453125 
0,03337860107421875 
0,03504753112792969 
0,03528594970703125 
0,000476837158203125 
0,03337860107421875 
0,032901763916015625 
0,04649162292480469 
0,0362396240234375 
0,03910064697265625 
0,038623809814453125 
0,03933906555175781 
0,027418136596679688 
0,039577484130859375 
0,03647804260253906 
0,0007152557373046875 
0,03409385681152344 
0,03552436828613281 
0,04267692565917969 
0,037670135498046875 
0,035762786865234375 
0,0324249267578125 
0,030994415283203125 
0,03719329833984375 
0,03695487976074219 
0,03695487976074219 
0,0007152557373046875 
0,03790855407714844 
0,033855438232421875 
0,04601478576660156 
0,04482269287109375 
0,03719329833984375 
0,03361701965332031 
0,032901763916015625 
0,03790855407714844 
0,0438690185546875 
0,03528594970703125 
0,000476837158203125 
0,03147125244140625 
0,11348724365234375 
0,03361701965332031 
0,04863739013671875 
0,03528594970703125 
0,027894973754882812 
0,02765655517578125 
0,030279159545898438 
0,030279159545898438 
0,03790855407714844 
0,000476837158203125 
0,030755996704101562 
0,034332275390625 
0,044345855712890625 
0,0362396240234375 
0,033855438232421875 
0,031948089599609375 
0,026464462280273438 
0,025272369384765625 
0,025987625122070312 
0,03337860107421875 
0,000476837158203125 
0,026702880859375 
0,030755996704101562 
0,0362396240234375 
0,04100799560546875 
0,053882598876953125 
0,03933906555175781 
0,030755996704101562 
0,030994415283203125 
0,03409385681152344 
0,029325485229492188 
0,000476837158203125 
0,030994415283203125 
0,02956390380859375 
0,026464462280273438 
0,03981590270996094 
0,036716461181640625 
0,03266334533691406 
0,03337860107421875 
0,03218650817871094 
0,03790855407714844 
0,028371810913085938 
0,0007152557373046875 
0,03457069396972656 
0,04315376281738281 
0,027418136596679688 
0,0362396240234375 
0,032901763916015625 
0,045299530029296875 
0,03409385681152344 
0,03314018249511719 
0,0400543212890625 
0,04482269287109375 
0,000476837158203125 
0,030279159545898438 
0,05340576171875 
0,051021575927734375 
0,03814697265625 
0,04267692565917969 
0,03528594970703125 
0,03981590270996094 
0,03457069396972656 
0,030755996704101562 
0,05078315734863281 
0,0007152557373046875 
0,02574920654296875 
0,03552436828613281 
0,03933906555175781 
0,027418136596679688 
0,026702880859375 
0,0400543212890625 
0,03814697265625 
0,03719329833984375 
0,057697296142578125 
0,03552436828613281 
0,0007152557373046875 
0,039577484130859375 
0,0362396240234375 
0,05936622619628906 
0,06413459777832031 
0,04887580871582031 
0,06389617919921875 
0,041961669921875 
0,03838539123535156 
0,03600120544433594 
0,043392181396484375 
0,000476837158203125 
0,034332275390625 
0,06842613220214844 
0,034332275390625 
0,034809112548828125 
0,035762786865234375 
0,039577484130859375 
0,028848648071289062 
0,030517578125 
0,029087066650390625 
0,03170967102050781 
0,0007152557373046875 
0,030040740966796875 
0,029325485229492188 
0,031232833862304688 
0,030040740966796875 
0,030517578125 
0,029087066650390625 
0,030040740966796875 
0,031232833862304688 
0,02956390380859375 
0,04291534423828125 
0,0007152557373046875 
0,033855438232421875 
0,030517578125 
0,02574920654296875 
0,037670135498046875 
0,04696846008300781 
0,03981590270996094 
0,026702880859375 
0,03886222839355469 
0,03266334533691406 
0,026702880859375 
0,000476837158203125 
0,033855438232421875 
0,02574920654296875 
0,02574920654296875 
0,03790855407714844 
0,025033950805664062 
0,025272369384765625 
0,02574920654296875 
0,030517578125 
0,04458427429199219 
0,05555152893066406 
0,00095367431640625 
0,045299530029296875 
0,06031990051269531 
0,031948089599609375 
0,040531158447265625 
0,051021575927734375 
0,031232833862304688 
0,05698204040527344 
0,03528594970703125 
0,04839897155761719 
0,07200241088867188 
0,000476837158203125 
0,03147125244140625 
0,09632110595703125 
0,028848648071289062 
0,028371810913085938 
0,07295608520507812 
0,06127357482910156 
0,030994415283203125 
0,02956390380859375 
0,042438507080078125 
0,034332275390625 
0,0007152557373046875 
0,02956390380859375 
0,027418136596679688 
0,029325485229492188 
0,030994415283203125 
0,021219253540039062 
0,06079673767089844 
0,03790855407714844 
0,038623809814453125 
0,033855438232421875 
0,04220008850097656 
0,0007152557373046875 
0,04220008850097656 
0,02765655517578125 
0,03719329833984375 
0,03337860107421875 
0,023365020751953125 
0,025510787963867188 
0,023126602172851562 
0,02765655517578125 
0,026464462280273438 
0,027179718017578125 
0,000476837158203125 
0,025272369384765625 
0,024318695068359375 
0,02384185791015625 
0,0171661376953125 
0,016927719116210938 
0,0171661376953125 
0,026941299438476562 
0,016927719116210938 
0,01621246337890625 
0,015974044799804688 
0,000476837158203125 
0,02574920654296875 
0,029087066650390625 
0,022172927856445312 
0,019788742065429688 
0,03147125244140625 
0,024557113647460938 
0,021696090698242188 
0,02193450927734375 
0,02002716064453125 
0,031232833862304688 
0,0007152557373046875 
0,030040740966796875 
0,03457069396972656 
0,031232833862304688 
0,03266334533691406 
0,03504753112792969 
0,03170967102050781 
0,030279159545898438 
0,027418136596679688 
0,03147125244140625 
0,029325485229492188 
0,000476837158203125 
0,02384185791015625 
0,025033950805664062 
0,040531158447265625 
0,02193450927734375 
0,025272369384765625 
0,03886222839355469 
0,051021575927734375 
0,031948089599609375 
0,05364418029785156 
0,036716461181640625 
0,000476837158203125 
0,029087066650390625 
0,02956390380859375 
0,0286102294921875 
0,034332275390625 
0,03504753112792969 
0,026702880859375 
0,036716461181640625 
0,027894973754882812 
0,02956390380859375 
0,03361701965332031 
0,00095367431640625 
0,04458427429199219 
0,030994415283203125 
0,027418136596679688 
0,023365020751953125 
0,0362396240234375 
0,027894973754882812 
0,021219253540039062 
0,020742416381835938 
0,03457069396972656 
0,028848648071289062 
0,001430511474609375 
0,04291534423828125 
0,0362396240234375 
0,025272369384765625 
0,03790855407714844 
0,0209808349609375 
0,03814697265625 
0,029087066650390625 
0,028371810913085938 
0,031948089599609375 
0,0858306884765625 
0,0011920928955078125 
0,029087066650390625 
0,029087066650390625 
0,026464462280273438 
0,029325485229492188 
0,019073486328125 
0,023365020751953125 
0,02765655517578125 
0,028371810913085938 
0,02765655517578125 
0,024080276489257812 
0,00095367431640625 
0,040531158447265625 
0,034809112548828125 
0,04458427429199219 
0,02574920654296875 
0,03695487976074219 
0,06079673767089844 
0,024318695068359375 
0,020265579223632812 
0,029802322387695312 
0,020503997802734375 
0,000476837158203125 
0,017642974853515625 
0,02288818359375 
0,027418136596679688 
0,024318695068359375 
0,02765655517578125 
0,031232833862304688 
0,0209808349609375 
0,03218650817871094 
0,024080276489257812 
0,05078315734863281 
0,0007152557373046875 
0,04744529724121094 
0,08225440979003906 
0,028133392333984375 
0,028371810913085938 
0,022649765014648438 
0,021219253540039062 
0,026226043701171875 
0,03647804260253906 
0,060558319091796875 
0,037670135498046875 
0,00095367431640625 
0,026702880859375 
0,022649765014648438 
0,03266334533691406 
0,029802322387695312 
0,019788742065429688 
0,028371810913085938 
0,035762786865234375 
0,030040740966796875 
0,03838539123535156 
0,02574920654296875 
0,000476837158203125 
0,018835067749023438 
0,1049041748046875 
0,028848648071289062 
0,03147125244140625 
0,019311904907226562 
0,017881393432617188 
0,02384185791015625 
0,025987625122070312 
0,025033950805664062 
0,03504753112792969 
0,0002384185791015625 
0,05340576171875 
0,018596649169921875 
0,02288818359375 
0,026226043701171875 
0,025033950805664062 
0,028848648071289062 
0,0247955322265625 
0,025033950805664062 
0,02574920654296875 
0,028371810913085938 
0,00095367431640625 
0,03886222839355469 
0,03147125244140625 
0,02193450927734375 
0,021457672119140625 
0,017642974853515625 
0,027179718017578125 
0,037670135498046875 
0,0209808349609375 
0,030755996704101562 
0,022411346435546875 
0,000476837158203125 
0,024557113647460938 
0,0324249267578125 
0,03314018249511719 
0,0438690185546875 
0,027418136596679688 
0,038623809814453125 
0,04887580871582031 
0,025033950805664062 
0,02574920654296875 
0,018596649169921875 
0,00095367431640625 
0,03266334533691406 
0,03528594970703125 
0,034332275390625 
0,026941299438476562 
0,02765655517578125 
0,07605552673339844 
0,03528594970703125 
0,044345855712890625 
0,036716461181640625 
0,027179718017578125 
0,000476837158203125 
0,03719329833984375 
0,027179718017578125 
0,027418136596679688 
0,03409385681152344 
0,04029273986816406 
0,055789947509765625 
0,03528594970703125 
0,03218650817871094 
0,04792213439941406 
0,03910064697265625 
0,0011920928955078125 
0,08845329284667969 
0,08225440979003906 
0,06437301635742188 
0,09393692016601562 
0,03886222839355469 
0,03314018249511719 
0,056743621826171875 
0,0324249267578125 
0,033855438232421875 
0,03600120544433594 
0,0007152557373046875 
0,029087066650390625 
0,026702880859375 
0,034332275390625 
0,040531158447265625 
0,0324249267578125 
0,03933906555175781 
0,03695487976074219 
0,03743171691894531 
0,061511993408203125 
0,05555152893066406 
0,0007152557373046875 
0,027894973754882812 
0,03886222839355469 
0,0457763671875 
0,03647804260253906 
0,03457069396972656 
0,03528594970703125 
0,03314018249511719 
0,03457069396972656 
0,05054473876953125 
0,064849853515625 
0,0007152557373046875 
0,034809112548828125 
0,03719329833984375 
0,027894973754882812 
0,033855438232421875 
0,04458427429199219 
0,0362396240234375 
0,043392181396484375 
0,05888938903808594 
0,02956390380859375 
0,08130073547363281 
0,0016689300537109375 
0,10514259338378906 
0,08893013000488281 
0,0362396240234375 
0,04935264587402344 
0,07700920104980469 
0,06008148193359375 
0,058650970458984375 
0,08082389831542969 
0,05364418029785156 
0,06723403930664062 
0,0011920928955078125 
0,06318092346191406 
0,05626678466796875 
0,04696846008300781 
0,043392181396484375 
0,04744529724121094 
0,046253204345703125 
0,04291534423828125 
0,0438690185546875 
0,03933906555175781 
0,04935264587402344 
0,00095367431640625 
0,0400543212890625 
0,04220008850097656 
0,03719329833984375 
0,038623809814453125 
0,04506111145019531 
0,039577484130859375 
0,04863739013671875 
0,14066696166992188 
0,05364418029785156 
0,0476837158203125 
0,001430511474609375 
0,041961669921875 
0,04124641418457031 
0,04363059997558594 
0,03457069396972656 
0,04267692565917969 
0,04220008850097656 
0,08416175842285156 
0,05817413330078125 
0,04506111145019531 
0,04458427429199219 
0,0011920928955078125 
0,046253204345703125 
0,04482269287109375 
0,039577484130859375 
0,06198883056640625 
0,11014938354492188 
0,0629425048828125 
0,04506111145019531 
0,05459785461425781 
0,04124641418457031 
0,04744529724121094 
0,0007152557373046875 
0,0400543212890625 
0,041484832763671875 
0,05602836608886719 
0,026464462280273438 
0,034332275390625 
0,034809112548828125 
0,030040740966796875 
0,0324249267578125 
0,034332275390625 
0,04410743713378906 
0,00095367431640625 
0,027894973754882812 
0,03361701965332031 
0,03695487976074219 
0,030517578125 
0,04410743713378906 
0,026702880859375 
0,026464462280273438 
0,030279159545898438 
0,03170967102050781 
0,03409385681152344 
0,0011920928955078125 
0,034809112548828125 
0,026702880859375 
0,025510787963867188 
0,026702880859375 
0,026464462280273438 
0,026464462280273438 
0,025987625122070312 
0,027179718017578125 
0,025033950805664062 
0,02765655517578125 
0,000476837158203125 
0,04792213439941406 
0,043392181396484375 
0,039577484130859375 
0,03337860107421875 
0,033855438232421875 
0,027179718017578125 
0,025987625122070312 
0,0400543212890625 
0,04291534423828125 
0,03933906555175781 
0,00095367431640625 
0,05245208740234375 
0,0362396240234375 
0,03361701965332031 
0,04124641418457031 
0,04029273986816406 
0,03314018249511719 
0,04076957702636719 
0,040531158447265625 
0,03933906555175781 
0,0324249267578125 
0,0007152557373046875 
0,03719329833984375 
0,0591278076171875 
0,042438507080078125 
0,08893013000488281 
0,07915496826171875 
0,04649162292480469 
0,040531158447265625 
0,034809112548828125 
0,04887580871582031 
0,17881393432617188 
0,0011920928955078125 
0,03600120544433594 
0,04100799560546875 
0,10800361633300781 
0,04100799560546875 
0,03552436828613281 
0,031232833862304688 
0,1513957977294922 
0,10800361633300781 
0,16188621520996094 
0,04315376281738281 
0,0011920928955078125 
0,05412101745605469 
0,03886222839355469 
0,04029273986816406 
0,034332275390625 
0,026464462280273438 
0,04458427429199219 
0,0476837158203125 
0,044345855712890625 
0,03552436828613281 
0,04553794860839844 
0,0016689300537109375 
0,07510185241699219 
0,042438507080078125 
0,1087188720703125 
0,11992454528808594 
0,054836273193359375 
0,03790855407714844 
0,0362396240234375 
0,10156631469726562 
0,04076957702636719 
0,04076957702636719 
0,0007152557373046875 
0,04315376281738281 
0,044345855712890625 
0,03910064697265625 
0,042438507080078125 
0,045299530029296875 
0,03361701965332031 
0,05245208740234375 
0,0286102294921875 
0,027894973754882812 
0,04506111145019531 
0,000476837158203125 
0,02765655517578125 
0,09918212890625 
0,030279159545898438 
0,027894973754882812 
0,0286102294921875 
0,04029273986816406 
0,07891654968261719 
0,03337860107421875 
0,02765655517578125 
0,0438690185546875 
0,000476837158203125 
0,03933906555175781 
0,043392181396484375 
0,04220008850097656 
0,03170967102050781 
0,03600120544433594 
0,032901763916015625 
0,03337860107421875 
0,03695487976074219 
0,038623809814453125 
0,028848648071289062 
0,0007152557373046875 
0,037670135498046875 
0,04124641418457031 
0,05125999450683594 
0,03790855407714844 
0,03361701965332031 
0,045299530029296875 
0,043392181396484375 
0,038623809814453125 
0,03528594970703125 
0,0324249267578125 
0,0007152557373046875 
0,03457069396972656 
0,03170967102050781 
0,026702880859375 
0,04649162292480469 
0,04744529724121094 
0,04744529724121094 
0,036716461181640625 
0,03504753112792969 
0,044345855712890625 
0,04863739013671875 
0,0007152557373046875 
0,039577484130859375 
0,053882598876953125 
0,03314018249511719 
0,03170967102050781 
0,04363059997558594 
0,03218650817871094 
0,026464462280273438 
0,03910064697265625 
0,026941299438476562 
0,027894973754882812 
0,0007152557373046875 
0,03266334533691406 
0,037670135498046875 
0,0400543212890625 
0,03600120544433594 
0,03528594970703125 
0,039577484130859375 
0,038623809814453125 
0,03981590270996094 
0,03743171691894531 
0,0324249267578125 
0,0007152557373046875 
0,030755996704101562 
0,02956390380859375 
0,02956390380859375 
0,03600120544433594 
0,03743171691894531 
0,031232833862304688 
0,030994415283203125 
0,029802322387695312 
0,030517578125 
0,03886222839355469 
0,0007152557373046875 
0,03981590270996094 
0,03910064697265625 
0,03743171691894531 
0,027179718017578125 
0,03314018249511719 
0,033855438232421875 
0,026702880859375 
0,03600120544433594 
0,03504753112792969 
0,03409385681152344 
0,0007152557373046875 
0,031232833862304688 
0,03457069396972656 
0,033855438232421875 
0,027179718017578125 
0,027179718017578125 
0,04220008850097656 
0,030279159545898438 
0,030994415283203125 
0,04172325134277344 
0,05173683166503906 
0,0011920928955078125 
0,0457763671875 
0,03790855407714844 
0,030279159545898438 
0,04172325134277344 
0,04315376281738281 
0,029325485229492188 
0,04029273986816406 
0,0286102294921875 
0,03695487976074219 
0,04363059997558594 
0,000476837158203125 
0,034332275390625 
0,0400543212890625 
0,05054473876953125 
0,030279159545898438 
0,030994415283203125 
0,03147125244140625 
0,030994415283203125 
0,03361701965332031 
0,030517578125 
0,04363059997558594 
0,0007152557373046875 
0,03743171691894531 
0,030755996704101562 
0,03886222839355469 
0,03147125244140625 
0,030994415283203125 
0,030994415283203125 
0,030994415283203125 
0,038623809814453125 
0,04506111145019531 
0,04863739013671875 
0,0007152557373046875 
0,04100799560546875 
0,044345855712890625 
0,0629425048828125 
0,03528594970703125 
0,037670135498046875 
0,0457763671875 
0,034809112548828125 
0,036716461181640625 
0,03457069396972656 
0,03719329833984375 
0,0011920928955078125 
0,03552436828613281 
0,04696846008300781 
0,050067901611328125 
0,0400543212890625 
0,030279159545898438 
0,029325485229492188 
0,034809112548828125 
0,025510787963867188 
0,0324249267578125 
0,034332275390625 
0,000476837158203125 
0,03337860107421875 
0,03361701965332031 
0,034809112548828125 
0,03218650817871094 
0,04220008850097656 
0,03409385681152344 
0,0400543212890625 
0,03361701965332031 
0,04744529724121094 
0,04839897155761719 
0,0007152557373046875 
0,04267692565917969 
0,04649162292480469 
0,03552436828613281 
0,030279159545898438 
0,030040740966796875 
0,028371810913085938 
0,027894973754882812 
0,03314018249511719 
0,044345855712890625 
0,05030632019042969 
0,0007152557373046875 
0,034809112548828125 
0,0514984130859375 
0,040531158447265625 
0,04673004150390625 
0,03814697265625 
0,0362396240234375 
0,044345855712890625 
0,04076957702636719 
0,03838539123535156 
0,03981590270996094 
0,0007152557373046875 
0,03170967102050781 
0,025987625122070312 
0,0324249267578125 
0,03838539123535156 
0,03838539123535156 
0,03266334533691406 
0,039577484130859375 
0,026226043701171875 
0,034332275390625 
0,033855438232421875 
0,0007152557373046875 
0,02574920654296875 
0,03170967102050781 
0,022172927856445312 
0,025510787963867188 
0,0247955322265625 
0,025272369384765625 
0,024557113647460938 
0,027894973754882812 
0,03528594970703125 
0,037670135498046875 
0,001430511474609375 
0,057220458984375 
0,026702880859375 
0,0324249267578125 
0,025987625122070312 
0,022411346435546875 
0,02288818359375 
0,028848648071289062 
0,058650970458984375 
0,027894973754882812 
0,02574920654296875 
0,0007152557373046875 
0,030755996704101562 
0,030994415283203125 
0,0209808349609375 
0,02193450927734375 
0,022649765014648438 
0,024318695068359375 
0,01811981201171875 
0,018358230590820312 
0,028371810913085938 
0,0286102294921875 
0,0007152557373046875 
0,028371810913085938 
0,024557113647460938 
0,027418136596679688 
0,030279159545898438 
0,030755996704101562 
0,031232833862304688 
0,025272369384765625 
0,026464462280273438 
0,024557113647460938 
0,027894973754882812 
0,00095367431640625 
0,047206878662109375 
0,044345855712890625 
0,038623809814453125 
0,04076957702636719 
0,017642974853515625 
0,033855438232421875 
0,03147125244140625 
0,025272369384765625 
0,025510787963867188 
0,02002716064453125 
0,0007152557373046875 
0,028848648071289062 
0,027418136596679688 
0,020265579223632812 
0,024318695068359375 
0,07414817810058594 
0,0362396240234375 
0,042438507080078125 
0,026464462280273438 
0,026226043701171875 
0,0286102294921875 
0,00095367431640625 
0,020265579223632812 
0,05984306335449219 
0,0362396240234375 
0,0591278076171875 
0,032901763916015625 
0,054836273193359375 
0,025987625122070312 
0,026464462280273438 
0,038623809814453125 
0,030755996704101562 
0,000476837158203125 
0,03147125244140625 
0,02574920654296875 
0,09465217590332031 
0,09179115295410156 
0,07128715515136719 
0,13113021850585938 
0,030517578125 
0,04458427429199219 
0,05555152893066406 
0,07295608520507812 
0,0019073486328125 
0,08487701416015625 
0,06175041198730469 
0,03838539123535156 
0,04839897155761719 
0,04410743713378906 
0,0324249267578125 
0,04649162292480469 
0,035762786865234375 
0,031948089599609375 
0,05555152893066406 
0,000476837158203125 
0,03552436828613281 
0,032901763916015625 
0,035762786865234375 
0,03981590270996094 
0,04744529724121094 
0,047206878662109375 
0,03814697265625 
0,026702880859375 
0,03409385681152344 
0,03147125244140625 
0,000476837158203125 
0,026226043701171875 
0,027418136596679688 
0,02765655517578125 
0,027179718017578125 
0,029087066650390625 
0,028371810913085938 
0,028371810913085938 
0,037670135498046875 
0,028133392333984375 
0,04506111145019531 
0,00095367431640625 
0,04220008850097656 
0,02765655517578125 
0,033855438232421875 
0,026702880859375 
0,026226043701171875 
0,04029273986816406 
0,03170967102050781 
0,026702880859375 
0,027179718017578125 
0,03552436828613281 
0,0007152557373046875 
0,03504753112792969 
0,029325485229492188 
0,047206878662109375 
0,027418136596679688 
0,026464462280273438 
0,034332275390625 
0,03457069396972656 
0,041961669921875 
0,03719329833984375 
0,04172325134277344 
0,0007152557373046875 
0,04410743713378906 
0,034332275390625 
0,049114227294921875 
0,037670135498046875 
0,03504753112792969 
0,026226043701171875 
0,03910064697265625 
0,04220008850097656 
0,02574920654296875 
0,027418136596679688 
0,0007152557373046875 
0,03552436828613281 
0,025510787963867188 
0,03409385681152344 
0,06270408630371094 
0,05125999450683594 
0,04935264587402344 
0,06318092346191406 
0,03695487976074219 
0,04315376281738281 
0,057697296142578125 
0,0007152557373046875 
0,03743171691894531 
0,04863739013671875 
0,04029273986816406 
0,034332275390625 
0,0362396240234375 
0,03457069396972656 
0,03981590270996094 
0,03814697265625 
0,03528594970703125 
0,03933906555175781 
0,0007152557373046875 
0,035762786865234375 
0,03528594970703125 
0,03552436828613281 
0,04029273986816406 
0,03337860107421875 
0,03719329833984375 
0,03743171691894531 
0,04315376281738281 
0,03933906555175781 
0,034332275390625 
0,000476837158203125 
0,028371810913085938 
0,025987625122070312 
0,02574920654296875 
0,025272369384765625 
0,025272369384765625 
0,03218650817871094 
0,049591064453125 
0,03337860107421875 
0,03647804260253906 
0,05269050598144531 
0,000476837158203125 
0,0324249267578125 
0,04935264587402344 
0,030517578125 
0,03361701965332031 
0,03361701965332031 
0,03552436828613281 
0,03147125244140625 
0,030994415283203125 
0,0362396240234375 
0,027894973754882812 
0,000476837158203125 
0,03147125244140625 
0,032901763916015625 
0,05078315734863281 
0,13184547424316406 
0,035762786865234375 
0,030994415283203125 
0,040531158447265625 
0,03910064697265625 
0,035762786865234375 
0,048160552978515625 
0,000476837158203125 
0,039577484130859375 
0,041484832763671875 
0,05435943603515625 
0,08988380432128906 
0,030517578125 
0,04076957702636719 
0,05602836608886719 
0,23794174194335938 
0,027894973754882812 
0,0286102294921875 
0,0007152557373046875 
0,03314018249511719 
0,034332275390625 
0,027418136596679688 
0,02574920654296875 
0,026464462280273438 
0,02574920654296875 
0,030994415283203125 
0,026226043701171875 
0,030755996704101562 
0,026464462280273438 
0,0007152557373046875 
0,04458427429199219 
0,030279159545898438 
0,03266334533691406 
0,03361701965332031 
0,04124641418457031 
0,030279159545898438 
0,0324249267578125 
0,05936622619628906 
0,04863739013671875 
0,041961669921875 
0,000476837158203125 
0,05078315734863281 
0,03814697265625 
0,04220008850097656 
0,0553131103515625 
0,04100799560546875 
0,041484832763671875 
0,03814697265625 
0,03266334533691406 
0,03266334533691406 
0,04124641418457031 
0,0007152557373046875 
0,03600120544433594 
0,04029273986816406 
0,0438690185546875 
0,03814697265625 
0,11420249938964844 
0,03170967102050781 
0,04839897155761719 
0,033855438232421875 
0,026702880859375 
0,047206878662109375 
0,0007152557373046875 
0,04100799560546875 
0,030040740966796875 
0,0362396240234375 
0,042438507080078125 
0,08416175842285156 
0,04076957702636719 
0,03314018249511719 
0,04863739013671875 
0,03409385681152344 
0,046253204345703125 
0,0007152557373046875 
0,03337860107421875 
0,027418136596679688 
0,0286102294921875 
0,028848648071289062 
0,04696846008300781 
0,040531158447265625 
0,03504753112792969 
0,03790855407714844 
0,02574920654296875 
0,029802322387695312 
0,000476837158203125 
0,026702880859375 
0,026464462280273438 
0,026941299438476562 
0,03552436828613281 
0,03170967102050781 
0,030755996704101562 
0,06914138793945312 
0,03910064697265625 
0,042438507080078125 
0,08153915405273438 
0,0026226043701171875 
0,08821487426757812 
0,05793571472167969 
0,102996826171875 
0,061511993408203125 
0,12445449829101562 
0,04172325134277344 
0,19788742065429688 
0,25725364685058594 
0,13208389282226562 
0,03552436828613281 
0,0007152557373046875 
0,048160552978515625 
0,03552436828613281 
0,04601478576660156 
0,030994415283203125 
0,03886222839355469 
0,04029273986816406 
0,03457069396972656 
0,1201629638671875 
0,04935264587402344 
0,05269050598144531 
0,001430511474609375 
0,20074844360351562 
0,04363059997558594 
0,09012222290039062 
0,027418136596679688 
0,048160552978515625 
0,03600120544433594 
0,03457069396972656 
0,034809112548828125 
0,04172325134277344 
0,037670135498046875 
0,0007152557373046875 
0,03814697265625 
0,04410743713378906 
0,07843971252441406 
0,03814697265625 
0,05173683166503906 
0,05340576171875 
0,046253204345703125 
0,03838539123535156 
0,04124641418457031 
0,04076957702636719 
0,0019073486328125 
0,11086463928222656 
0,04315376281738281 
0,03457069396972656 
0,04172325134277344 
0,05054473876953125 
0,0438690185546875 
0,032901763916015625 
0,03552436828613281 
0,04839897155761719 
0,059604644775390625 
0,000476837158203125 
0,04482269287109375 
0,031948089599609375 
0,062465667724609375 
0,03457069396972656 
0,03337860107421875 
0,07009506225585938 
0,08654594421386719 
0,03528594970703125 
0,03266334533691406 
0,04172325134277344 
0,000476837158203125 
0,03814697265625 
0,040531158447265625 
0,04744529724121094 
0,041484832763671875 
0,04029273986816406 
0,08678436279296875 
0,10776519775390625 
0,08082389831542969 
0,05054473876953125 
0,04863739013671875 
0,0007152557373046875 
0,03552436828613281 
0,03910064697265625 
0,029325485229492188 
0,025033950805664062 
0,0324249267578125 
0,030040740966796875 
0,031232833862304688 
0,042438507080078125 
0,034332275390625 
0,04601478576660156 
0,000476837158203125 
0,03147125244140625 
0,03266334533691406 
0,052928924560546875 
0,040531158447265625 
0,03600120544433594 
0,06127357482910156 
0,03218650817871094 
0,025033950805664062 
0,034332275390625 
0,048160552978515625 
0,0007152557373046875 
0,045299530029296875 
0,03910064697265625 
0,041484832763671875 
0,052928924560546875 
0,04220008850097656 
0,041484832763671875 
0,04482269287109375 
0,05602836608886719 
0,029325485229492188 
0,04839897155761719 
0,000476837158203125 
0,030755996704101562 
0,04315376281738281 
0,041961669921875 
0,02956390380859375 
0,05078315734863281 
0,03886222839355469 
0,04100799560546875 
0,03886222839355469 
0,025987625122070312 
0,027418136596679688 
0,000476837158203125 
0,025033950805664062 
0,02574920654296875 
0,026226043701171875 
0,02574920654296875 
0,029087066650390625 
0,0362396240234375 
0,026464462280273438 
0,030040740966796875 
0,04315376281738281 
0,04124641418457031 
0,0007152557373046875 
0,032901763916015625 
0,030040740966796875 
0,030994415283203125 
0,030279159545898438 
0,035762786865234375 
0,04291534423828125 
0,029802322387695312 
0,030040740966796875 
0,03933906555175781 
0,035762786865234375 
0,0007152557373046875 
0,04315376281738281 
0,1239776611328125 
0,11396408081054688 
