0,000476837158203125 
0,020265579223632812 
0,010728836059570312 
0,017404556274414062 
0,020742416381835938 
0,02002716064453125 
0,020503997802734375 
0,024557113647460938 
0,030040740966796875 
0,027418136596679688 
0,015020370483398438 
0,015974044799804688 
0,01621246337890625 
0,02288818359375 
0,026226043701171875 
0,028848648071289062 
0,034332275390625 
0,0152587890625 
0,02288818359375 
0,031948089599609375 
0,022172927856445312 
0,0209808349609375 
0,020742416381835938 
0,024318695068359375 
0,018358230590820312 
0,020742416381835938 
0,020742416381835938 
0,03266334533691406 
0,023365020751953125 
0,0209808349609375 
0,027418136596679688 
0,058650970458984375 
0,05340576171875 
0,03695487976074219 
0,028133392333984375 
0,027179718017578125 
0,03552436828613281 
0,04291534423828125 
0,07224082946777344 
0,036716461181640625 
0,06365776062011719 
0,048160552978515625 
0,041484832763671875 
0,030040740966796875 
0,03886222839355469 
0,05555152893066406 
0,04267692565917969 
0,06103515625 
0,05650520324707031 
0,049591064453125 
0,018358230590820312 
0,024080276489257812 
0,03457069396972656 
0,022172927856445312 
0,018358230590820312 
0,038623809814453125 
0,05125999450683594 
0,06222724914550781 
0,04982948303222656 
0,133514404296875 
0,06365776062011719 
0,15878677368164062 
0,042438507080078125 
0,035762786865234375 
0,0286102294921875 
0,034809112548828125 
0,025987625122070312 
0,031232833862304688 
0,027418136596679688 
0,03814697265625 
0,031232833862304688 
0,029087066650390625 
0,04172325134277344 
0,04267692565917969 
0,04673004150390625 
0,04649162292480469 
0,03218650817871094 
0,03170967102050781 
0,04601478576660156 
0,02193450927734375 
0,03409385681152344 
0,030755996704101562 
0,06413459777832031 
0,025272369384765625 
0,029802322387695312 
0,030040740966796875 
0,025987625122070312 
0,03409385681152344 
0,02574920654296875 
0,02193450927734375 
0,025272369384765625 
0,019550323486328125 
0,029802322387695312 
0,021696090698242188 
0,018358230590820312 
0,04315376281738281 
0,055789947509765625 
0,026941299438476562 
0,029325485229492188 
0,030517578125 
0,0324249267578125 
0,032901763916015625 
0,05459785461425781 
0,04792213439941406 
0,04863739013671875 
0,06532669067382812 
0,026464462280273438 
0,03218650817871094 
0,031232833862304688 
0,030755996704101562 
0,030994415283203125 
0,030279159545898438 
0,0324249267578125 
0,03981590270996094 
0,04029273986816406 
0,023603439331054688 
0,0209808349609375 
0,020265579223632812 
0,021219253540039062 
0,01621246337890625 
0,049114227294921875 
0,0152587890625 
0,037670135498046875 
0,03314018249511719 
0,03695487976074219 
0,047206878662109375 
0,028133392333984375 
0,012636184692382812 
0,03170967102050781 
0,0324249267578125 
0,036716461181640625 
0,018596649169921875 
0,022649765014648438 
0,0133514404296875 
0,026941299438476562 
0,028133392333984375 
0,04029273986816406 
0,0324249267578125 
0,031232833862304688 
0,03170967102050781 
0,09059906005859375 
0,03170967102050781 
0,04649162292480469 
0,03981590270996094 
0,04553794860839844 
0,040531158447265625 
0,0476837158203125 
0,03743171691894531 
0,04649162292480469 
0,03838539123535156 
0,039577484130859375 
0,06985664367675781 
0,05412101745605469 
0,03528594970703125 
0,04935264587402344 
0,06413459777832031 
0,016927719116210938 
0,04410743713378906 
0,021696090698242188 
0,011920928955078125 
0,019550323486328125 
0,03933906555175781 
0,015974044799804688 
0,027418136596679688 
0,0400543212890625 
0,03647804260253906 
0,022172927856445312 
0,09202957153320312 
0,030040740966796875 
0,10895729064941406 
0,04220008850097656 
0,028848648071289062 
0,028371810913085938 
1,6052722930908203 
0,030517578125 
0,021219253540039062 
0,03981590270996094 
0,03170967102050781 
0,04696846008300781 
0,027418136596679688 
0,019550323486328125 
0,013113021850585938 
0,020503997802734375 
0,027179718017578125 
0,019311904907226562 
0,014543533325195312 
0,015020370483398438 
0,03814697265625 
0,05650520324707031 
0,024080276489257812 
0,03886222839355469 
0,024318695068359375 
0,04363059997558594 
0,026941299438476562 
0,03147125244140625 
0,03910064697265625 
0,03719329833984375 
0,13184547424316406 
0,03838539123535156 
0,06532669067382812 
0,05888938903808594 
0,03981590270996094 
0,06604194641113281 
0,060558319091796875 
0,07677078247070312 
0,09989738464355469 
0,028848648071289062 
0,03361701965332031 
0,03695487976074219 
0,04100799560546875 
0,03361701965332031 
0,0286102294921875 
0,027894973754882812 
0,07963180541992188 
0,0286102294921875 
0,03457069396972656 
0,040531158447265625 
0,03933906555175781 
0,02193450927734375 
0,03838539123535156 
0,025510787963867188 
0,019788742065429688 
0,050067901611328125 
0,020265579223632812 
0,026702880859375 
0,034332275390625 
0,03337860107421875 
0,05221366882324219 
0,03266334533691406 
0,023126602172851562 
0,022172927856445312 
0,016689300537109375 
0,026941299438476562 
0,03170967102050781 
0,027418136596679688 
0,011444091796875 
0,026941299438476562 
0,04410743713378906 
0,037670135498046875 
0,03790855407714844 
0,031232833862304688 
0,028371810913085938 
0,03218650817871094 
0,030755996704101562 
0,15664100646972656 
0,03886222839355469 
0,031232833862304688 
0,057220458984375 
0,04124641418457031 
0,055789947509765625 
0,03337860107421875 
0,032901763916015625 
0,03814697265625 
0,03147125244140625 
0,055789947509765625 
0,04315376281738281 
0,04792213439941406 
0,0591278076171875 
0,017642974853515625 
0,019550323486328125 
0,020265579223632812 
0,027179718017578125 
0,03552436828613281 
0,020742416381835938 
0,025272369384765625 
0,025987625122070312 
0,030517578125 
0,025510787963867188 
0,11229515075683594 
0,034332275390625 
0,02574920654296875 
0,021457672119140625 
0,04315376281738281 
0,05698204040527344 
0,04839897155761719 
0,03600120544433594 
0,04506111145019531 
0,03647804260253906 
0,03409385681152344 
0,02956390380859375 
0,07033348083496094 
0,038623809814453125 
0,03814697265625 
0,0362396240234375 
0,028848648071289062 
0,04315376281738281 
0,06175041198730469 
0,0438690185546875 
0,03695487976074219 
0,041484832763671875 
0,14281272888183594 
0,040531158447265625 
0,03647804260253906 
0,03409385681152344 
0,029802322387695312 
0,091552734375 
0,09179115295410156 
0,0362396240234375 
0,048160552978515625 
0,05412101745605469 
0,09965896606445312 
0,04410743713378906 
0,07486343383789062 
0,21958351135253906 
0,016689300537109375 
0,011682510375976562 
0,023126602172851562 
0,020265579223632812 
0,030755996704101562 
0,017404556274414062 
0,020265579223632812 
0,012159347534179688 
0,03933906555175781 
0,023603439331054688 
0,034332275390625 
0,023126602172851562 
0,018358230590820312 
0,04172325134277344 
0,027894973754882812 
0,018358230590820312 
0,030279159545898438 
0,0152587890625 
0,024557113647460938 
0,03719329833984375 
0,03790855407714844 
0,05078315734863281 
0,07724761962890625 
0,026702880859375 
0,012636184692382812 
0,012159347534179688 
0,02002716064453125 
0,029802322387695312 
0,026464462280273438 
0,024080276489257812 
0,03314018249511719 
0,027179718017578125 
0,021457672119140625 
0,01239776611328125 
0,023365020751953125 
0,028133392333984375 
0,026464462280273438 
0,026941299438476562 
0,026702880859375 
0,026464462280273438 
0,029325485229492188 
0,051021575927734375 
0,030755996704101562 
0,03314018249511719 
0,027418136596679688 
0,034332275390625 
0,03314018249511719 
0,027179718017578125 
0,036716461181640625 
0,027894973754882812 
0,027894973754882812 
0,033855438232421875 
0,026464462280273438 
0,03314018249511719 
0,026226043701171875 
0,027179718017578125 
0,03600120544433594 
0,031948089599609375 
0,01239776611328125 
0,024318695068359375 
0,023126602172851562 
0,019788742065429688 
0,0209808349609375 
0,021219253540039062 
0,016450881958007812 
0,03457069396972656 
0,06413459777832031 
0,030517578125 
0,03600120544433594 
0,03170967102050781 
0,038623809814453125 
0,030994415283203125 
0,030517578125 
0,030279159545898438 
0,03170967102050781 
0,045299530029296875 
0,04124641418457031 
0,030279159545898438 
0,04792213439941406 
0,034809112548828125 
0,03790855407714844 
0,04458427429199219 
0,036716461181640625 
0,022649765014648438 
0,0209808349609375 
0,028133392333984375 
0,023126602172851562 
0,028133392333984375 
0,0209808349609375 
0,041484832763671875 
0,03314018249511719 
0,03695487976074219 
0,030040740966796875 
0,04291534423828125 
0,016927719116210938 
0,03647804260253906 
0,03790855407714844 
0,027418136596679688 
0,034332275390625 
0,031948089599609375 
0,027894973754882812 
0,029325485229492188 
0,020742416381835938 
0,032901763916015625 
0,025033950805664062 
0,02384185791015625 
0,015497207641601562 
0,021219253540039062 
0,016927719116210938 
0,023365020751953125 
0,03147125244140625 
0,026702880859375 
0,02193450927734375 
0,024557113647460938 
0,02002716064453125 
0,017881393432617188 
0,03337860107421875 
0,03170967102050781 
0,026702880859375 
0,02574920654296875 
0,026226043701171875 
0,02574920654296875 
0,03981590270996094 
0,03337860107421875 
0,04291534423828125 
0,030755996704101562 
0,0362396240234375 
0,030994415283203125 
0,027418136596679688 
0,030517578125 
0,026941299438476562 
0,03600120544433594 
0,026702880859375 
0,03170967102050781 
0,027418136596679688 
0,03266334533691406 
0,035762786865234375 
0,034809112548828125 
0,023126602172851562 
0,026941299438476562 
0,024080276489257812 
0,035762786865234375 
0,03933906555175781 
0,027894973754882812 
0,028371810913085938 
0,10371208190917969 
0,021219253540039062 
0,021696090698242188 
0,031232833862304688 
0,01621246337890625 
0,020503997802734375 
0,030517578125 
0,024080276489257812 
0,021457672119140625 
0,03600120544433594 
0,029802322387695312 
0,032901763916015625 
0,034332275390625 
0,0324249267578125 
0,0591278076171875 
0,05888938903808594 
0,03600120544433594 
0,029325485229492188 
0,026464462280273438 
0,02956390380859375 
0,03361701965332031 
0,03743171691894531 
0,030994415283203125 
0,02384185791015625 
0,03600120544433594 
0,025033950805664062 
0,026464462280273438 
0,027179718017578125 
0,026464462280273438 
0,025510787963867188 
0,048160552978515625 
0,050067901611328125 
0,04363059997558594 
0,030279159545898438 
0,03886222839355469 
0,05507469177246094 
0,06318092346191406 
0,037670135498046875 
0,048160552978515625 
0,05340576171875 
0,0400543212890625 
0,05555152893066406 
0,031232833862304688 
0,03886222839355469 
0,030517578125 
0,031948089599609375 
0,02002716064453125 
0,021457672119140625 
0,03218650817871094 
0,022649765014648438 
0,0152587890625 
0,030040740966796875 
0,0171661376953125 
0,023126602172851562 
0,016927719116210938 
0,017881393432617188 
0,022172927856445312 
0,026464462280273438 
0,020265579223632812 
0,011444091796875 
0,027418136596679688 
0,019788742065429688 
0,026702880859375 
0,018835067749023438 
0,022172927856445312 
0,020742416381835938 
0,02574920654296875 
0,03266334533691406 
0,03528594970703125 
0,05269050598144531 
0,04172325134277344 
0,04124641418457031 
0,17213821411132812 
0,03600120544433594 
0,03719329833984375 
0,09989738464355469 
0,0438690185546875 
0,06580352783203125 
0,03218650817871094 
0,04315376281738281 
0,04482269287109375 
0,04124641418457031 
0,037670135498046875 
0,05626678466796875 
0,03647804260253906 
0,06937980651855469 
0,06508827209472656 
0,041484832763671875 
0,05435943603515625 
0,061511993408203125 
0,0400543212890625 
0,043392181396484375 
0,039577484130859375 
0,04696846008300781 
0,020503997802734375 
0,019311904907226562 
0,010728836059570312 
0,010728836059570312 
0,016450881958007812 
0,024318695068359375 
0,023603439331054688 
0,0152587890625 
0,012874603271484375 
0,029325485229492188 
0,01049041748046875 
0,026226043701171875 
0,031948089599609375 
0,014781951904296875 
0,0286102294921875 
0,011444091796875 
0,0095367431640625 
0,016450881958007812 
0,022411346435546875 
0,027894973754882812 
0,021457672119140625 
0,02002716064453125 
0,060558319091796875 
0,021696090698242188 
0,018358230590820312 
0,019073486328125 
0,017642974853515625 
0,018596649169921875 
0,02574920654296875 
0,02288818359375 
0,025987625122070312 
0,0286102294921875 
0,0247955322265625 
0,03337860107421875 
0,030279159545898438 
0,02765655517578125 
0,023126602172851562 
0,021457672119140625 
0,03647804260253906 
0,023603439331054688 
0,010013580322265625 
0,024318695068359375 
0,04601478576660156 
0,018358230590820312 
0,026941299438476562 
0,022172927856445312 
0,021696090698242188 
0,026464462280273438 
0,028371810913085938 
0,017881393432617188 
0,019073486328125 
0,026464462280273438 
0,015974044799804688 
0,02574920654296875 
0,012874603271484375 
0,016450881958007812 
0,022649765014648438 
0,017881393432617188 
0,01621246337890625 
0,024318695068359375 
0,018835067749023438 
0,025510787963867188 
0,02384185791015625 
0,016927719116210938 
0,012636184692382812 
0,018835067749023438 
0,016450881958007812 
0,017404556274414062 
0,023365020751953125 
0,02956390380859375 
0,031948089599609375 
0,026464462280273438 
0,028848648071289062 
0,0209808349609375 
0,021696090698242188 
0,022411346435546875 
0,029325485229492188 
0,016689300537109375 
0,021219253540039062 
0,0247955322265625 
0,03218650817871094 
0,0209808349609375 
0,022172927856445312 
0,021219253540039062 
0,023126602172851562 
0,017642974853515625 
0,030994415283203125 
0,027179718017578125 
0,03314018249511719 
0,021696090698242188 
0,015020370483398438 
0,01621246337890625 
0,02574920654296875 
0,014066696166992188 
0,018596649169921875 
0,019788742065429688 
0,025272369384765625 
0,025033950805664062 
0,0324249267578125 
0,0247955322265625 
0,0152587890625 
0,020742416381835938 
0,036716461181640625 
0,032901763916015625 
0,019550323486328125 
0,02193450927734375 
0,024080276489257812 
0,022649765014648438 
0,016689300537109375 
0,0133514404296875 
0,022172927856445312 
0,010251998901367188 
0,02193450927734375 
0,019073486328125 
0,031948089599609375 
0,017404556274414062 
0,012159347534179688 
0,030517578125 
0,019311904907226562 
0,019311904907226562 
0,02765655517578125 
0,02002716064453125 
0,0247955322265625 
0,011444091796875 
0,023603439331054688 
0,011205673217773438 
0,023603439331054688 
0,010728836059570312 
0,01811981201171875 
0,024318695068359375 
0,03814697265625 
0,04744529724121094 
0,04076957702636719 
0,060558319091796875 
0,02574920654296875 
0,0209808349609375 
0,011205673217773438 
0,05173683166503906 
0,020503997802734375 
0,027418136596679688 
0,016927719116210938 
0,022649765014648438 
0,02288818359375 
0,016689300537109375 
0,051021575927734375 
0,019550323486328125 
0,06794929504394531 
0,03981590270996094 
0,04482269287109375 
0,0324249267578125 
0,034332275390625 
0,0247955322265625 
0,020742416381835938 
0,01811981201171875 
0,012159347534179688 
